Date,open,high,low,close,volume,EMA_12,EMA_26,RSI,MACD,ATR,OBV
2021-08-10,448500,480000,400500,454000,5121520,,,,,,5121520.0
2021-08-11,444500,446000,405000,407000,1647759,,,,,,3473761.0
2021-08-12,414000,420500,402000,406000,947958,,,,,,2525803.0
2021-08-13,415000,445500,408500,437000,1669847,,,,,,4195650.0
2021-08-17,433000,460000,423000,451500,1189500,,,,,,5385150.0
2021-08-18,449000,480000,437000,469000,1168167,,,,,,6553317.0
2021-08-19,472500,498500,469500,492500,1258932,,,,,,7812249.0
2021-08-20,506000,510000,467500,491500,1100068,,,,,,6712181.0
2021-08-23,492000,499500,480000,484500,462461,,,,,,6249720.0
2021-08-24,487500,489000,455000,460000,651528,,,,,,5598192.0
2021-08-25,462500,474000,434500,451000,547287,,,,,,5050905.0
2021-08-26,455500,471500,449500,469500,356488,456125.0,,,,,5407393.0
2021-08-27,473000,498000,463500,497000,779064,462413.4615384615,,,,,6186457.0
2021-08-30,494000,499500,485000,497000,358146,467734.4674556212,,,,,6186457.0
2021-08-31,480000,494500,470500,491500,409300,471390.7032316795,,60.69584883720259,,30727.59758061288,5777157.0
2021-09-01,487000,507000,487000,507000,529067,476869.0565806519,,65.05948352191332,,29585.59123630644,6306224.0
2021-09-02,505000,520000,491500,491500,573318,479119.9709528593,,58.11152925007858,,29473.935527066347,5732906.0
2021-09-03,495000,510000,489000,509000,338553,483716.8984985733,,62.92559054966465,,28628.924097555853,6071459.0
2021-09-06,500000,503000,478500,482500,400109,483529.68334494665,,52.993662694513645,,28810.372474245727,5671350.0
2021-09-07,477000,479000,461000,464500,331012,480602.03975341644,,47.50850707005845,,28119.10570235323,5340338.0
2021-09-08,467000,484500,466500,483500,334185,481047.8797913524,,53.03449341137361,,27368.722566672026,5674523.0
2021-09-09,480500,493500,474000,475000,766976,480117.4367465289,,50.47447717628342,,26656.433627164308,4907547.0
2021-09-10,465000,469000,440500,447000,832774,475022.4464778321,,43.09486399138505,,27353.14313155458,4074773.0
2021-09-13,449500,457000,439000,451500,255115,471403.6085581656,,44.49929192437649,,26536.5508438441,4329888.0
2021-09-14,449500,478500,449500,478000,270284,472418.4380107555,,52.01053691680669,,26748.26489188361,4600172.0
2021-09-15,475500,499500,470000,493500,343058,475661.75523987005,470846.1538461539,55.78018519316221,4815.601393716177,26981.371639805584,4943230.0
2021-09-16,491500,498000,484500,492000,225694,478175.3313568131,472413.10541310546,55.327247722525016,5762.225943707628,25854.301128855604,4717536.0
2021-09-17,495000,502000,488000,493500,236970,480532.97268653417,473975.09760472726,55.71450932923297,6557.875081806909,24875.17644115999,4954506.0
2021-09-23,485000,501000,483000,500000,307363,483527.8999655289,475902.8681525252,57.43640493096691,7625.031813003705,24313.58229184487,5261869.0
2021-09-24,504000,504000,488500,493000,212264,484985.1461246783,477169.3223634493,54.95814536609671,7815.823761228996,23600.95925485802,5049605.0
2021-09-27,489000,502000,489000,498000,206449,486987.4313362663,478712.3355217123,56.405090199751264,8275.095814553963,22751.82209480905,5256054.0
2021-09-28,497000,503000,494000,500000,258981,488989.36497684073,480289.199557141,57.000132041909936,8700.16541969974,21659.770406617947,5515035.0
2021-09-29,492000,501000,478500,500000,262394,490683.30882655754,481749.25884920463,57.00013204190993,8934.0499773529,21725.96580213782,5515035.0
2021-09-30,500000,516000,497500,502000,383165,492424.3382378564,483249.3137492635,57.67021284107316,9175.02448859287,21473.671478938817,5898200.0
2021-10-01,502000,505000,493000,498000,170528,493282.13235510926,484341.957175244,55.797423720315194,8940.17517986527,20737.749157637496,5727672.0
2021-10-05,493000,496000,461500,463000,325618,488623.3427620155,482761.07145855925,42.723708901854785,5862.271303456277,21954.565509676013,5402054.0
2021-10-06,471000,473000,448000,454000,242842,483296.6746447823,480630.6217208882,40.120492543464415,2666.052923894138,22188.31871568721,5159212.0
2021-10-07,460000,476000,457500,474000,174489,481866.4170071235,480139.46455637796,47.74085742382867,1726.9524507455644,22173.940845006917,5333701.0
2021-10-08,471000,477000,466000,470000,105885,480040.814390643,479388.3931077574,46.46718259073463,652.4212828855962,21325.00288299497,5227816.0
2021-10-12,468500,487000,464000,484000,161134,480649.91986900556,479729.9936182939,51.35852244908124,919.9262507116655,21451.68453590518,5388950.0
2021-10-13,485500,498500,485500,488000,184613,481780.7014276201,480342.58668360545,52.688639362483194,1438.1147440146306,20928.122123821453,5573563.0
2021-10-14,491500,494500,478000,478500,189867,481275.97813106317,480206.09878111613,49.24443795782623,1069.879349947034,20595.911404474387,5383696.0
2021-10-15,478000,483500,467500,472500,236323,479925.8276493611,479635.2766491816,47.14816108409919,290.5510001794901,20252.347534333352,5147373.0
2021-10-18,476000,489500,471500,486000,178931,480860.31570330553,480106.73763813113,52.08996127152391,753.578065174399,20084.533098665073,5326304.0
2021-10-19,489500,497000,487000,493500,147933,482804.88251818164,481098.8311464177,54.62814907895373,1706.051371763926,19409.75361446652,5474237.0
2021-10-20,498000,502000,484000,487000,281768,483450.2852076922,481535.95476520155,52.054257413151596,1914.3304424906382,19305.337671808,5192469.0
2021-10-21,488500,498000,487000,493000,176975,484919.4720988164,482385.1433011126,54.19945358908987,2534.3287977038417,18691.806503100393,5369444.0
2021-10-22,496000,500000,480000,488000,198513,485393.39946822927,482801.0586121413,52.10718231952885,2592.340856087976,18788.209711395244,5170931.0
2021-10-25,497500,514000,481500,488000,496570,485794.41493465554,483186.1653816123,52.107182319528846,2608.2495530432207,19796.375235945907,5170931.0
2021-10-26,490500,499500,486500,498000,172246,487672.19725240086,484283.48646445584,56.04312907875713,3388.7107879450195,19297.714331992447,5343177.0
2021-10-27,499000,503000,488500,489500,135786,487953.3976751084,484669.89487449615,52.1220640812013,3283.5028006122448,18946.38101971555,5207391.0
2021-10-28,487500,494000,472500,475000,203112,485960.56726355327,483953.6063652742,46.18567059749414,2006.960898279096,19133.04464432554,5004279.0
2021-10-29,475000,479500,467500,469500,127375,483428.1722999297,482882.96885673533,44.13243703476372,545.2034431943903,18612.504463559908,4876904.0
2021-11-01,472000,485000,472000,478000,131659,482593.0688691713,482521.2674599401,47.98129229548303,71.8014092312078,18385.717632362015,5008563.0
2021-11-02,481500,492500,481500,483500,106072,482732.59673545265,482593.7661666112,50.36413771894942,138.8305688414257,18102.997645726486,5114635.0
2021-11-03,484000,485500,471000,472000,135814,481081.4280069215,481809.0427468623,45.65496951691246,-727.6147399407928,17841.19625855689,4978821.0
2021-11-04,475000,478500,464500,468000,152616,479068.90062124125,480786.15069153917,44.11004544675877,-1717.250070297916,17562.430725346287,4826205.0
2021-11-05,468000,468500,450500,451000,246727,474750.6082179734,478579.76915883255,38.19451498162591,-3829.1609408591758,17594.149970551385,4579478.0
2021-11-08,441000,445500,428000,441500,249370,469635.13003059285,475833.1195915116,35.342129171850736,-6197.989560918766,17985.60280365875,4330108.0
2021-11-09,438000,467500,437500,465500,275041,468998.9561797324,475067.7033254737,46.26082113076439,-6068.747145741305,18854.743709764723,4605149.0
2021-11-10,465500,494000,463500,484500,546349,471383.73215208127,475766.3919680312,53.02401929478583,-4382.659815949912,19696.411885868303,5151498.0
2021-11-11,487000,544000,476000,540000,1822609,481940.08105176105,480524.4370074363,66.34716567396546,1415.6440443247557,23184.62919747926,6974107.0
2021-11-12,535000,554000,516000,547000,1351285,491949.2993514901,485448.5527846633,67.5954864274844,6500.746566826827,24253.67298774562,8325392.0
2021-11-15,541000,555000,535000,548000,514345,500572.4840666455,490081.99331913266,67.77936254068827,10490.490747512842,23946.96117199195,8839737.0
2021-11-16,548000,563000,538000,547000,540891,507715.1788256231,494298.1419621599,67.3676859977628,13417.036863463232,24022.839377041422,8298846.0
2021-11-17,554000,580000,548000,567000,762917,516835.92054475803,499683.4647797777,71.14278031514866,17152.455764980346,24669.295532848893,9061763.0
2021-11-18,570000,574000,541000,543000,519439,520861.1635378722,502892.09701831266,61.890109419687725,17969.066519559536,25268.850280913364,8542324.0
2021-11-19,539000,549000,526000,542000,366848,524113.2922243534,505788.97872065986,61.53101899019343,18324.313503693556,25105.651016741343,8175476.0
2021-11-22,532000,541000,507000,516000,499182,522865.09342060675,506545.3506672777,52.931829549686164,16319.742753329047,25816.998344046682,7676294.0
2021-11-23,507000,519000,497500,505000,334064,520116.6175097442,506430.88024747936,49.763170768936604,13685.737262264825,25506.775236321246,7342230.0
2021-11-24,505000,514000,493000,509000,339342,518406.36866209126,506621.1854143327,50.91388949186873,11785.183247758541,25183.05453538253,7681572.0
2021-11-25,509000,518000,501000,504000,289504,516190.0042525388,506427.02353178954,49.39092827514492,9762.980720749241,24595.503213155782,7392068.0
2021-11-26,504000,515000,501000,506000,298183,514622.31129060977,506395.39215906436,50.034749532311466,8226.919131545408,23835.01892511798,7690251.0
2021-11-29,500000,524000,498500,510000,380148,513911.18647666986,506662.40014728176,51.3672890537594,7248.786329388095,23954.480396527168,8070399.0
2021-11-30,515000,526000,477000,503000,2455962,512232.54240333603,506391.1112474831,48.909050673415415,5841.431155852915,25750.906149056522,5614437.0
2021-12-01,504000,508000,482000,489000,463600,508658.3051105151,505102.88078470656,44.33883871666804,3555.4243258085335,25768.76744198555,5150837.0
2021-12-02,485500,502000,481000,502000,258026,507633.95047812816,504873.0377636172,49.09551059867812,2760.9127145109815,25426.91714368089,5408863.0
2021-12-03,498000,504000,492500,500000,245814,506459.49655841617,504512.0720033492,48.410088449396284,1947.424555066973,24428.818764346895,5163049.0
2021-12-06,499500,499500,472000,472500,313777,501234.95862635213,502140.8074105085,40.11674861168943,-905.8487841563765,24684.693128101924,4849272.0
2021-12-07,473500,478000,455500,465000,321250,495660.34960691334,499389.6364912116,38.19492931668972,-3729.286884298257,24528.194956959655,4528022.0
2021-12-08,468500,473500,461500,464500,227701,490866.4496673882,496805.2189733441,38.06401268706125,-5938.769305955851,23630.93528833486,4300321.0
2021-12-09,466000,482000,466000,479000,307844,489040.84202625154,495486.3138642075,44.05294017486207,-6445.4718379559345,23191.926128063365,4608165.0
2021-12-10,475000,489500,472500,489500,221472,489111.48171452055,495042.8832075995,47.97592255483913,-5931.401493078971,22748.628149820684,4829637.0
2021-12-13,489000,493000,484500,489500,182159,489171.25375844043,494632.29926629586,47.97592255483912,-5461.045507855422,21728.695079286532,4829637.0
2021-12-14,491000,497500,485500,493000,163630,489760.29164175724,494511.38820953324,49.34893902935267,-4751.096567775996,21032.410210687696,4993267.0
2021-12-15,493000,494000,485000,485000,111998,489027.9390814869,493806.84093475295,46.33856429265505,-4778.901853266056,20171.369905263833,4881269.0
2021-12-16,489000,489500,481500,484000,167219,488254.40999202733,493080.4082729194,45.961141396888245,-4825.99828089209,19300.500163960605,4714050.0
2021-12-17,483500,494500,479000,494500,1312605,489215.26999325387,493185.5632156661,50.51839722971441,-3970.293222412234,19028.605008678922,6026655.0
2021-12-20,492000,492000,468000,471000,184429,486412.9207635225,491542.18816265377,41.98446626725757,-5129.267399131262,19563.06251124238,5842226.0
2021-12-21,472500,478000,466500,466500,124689,483349.3944922114,489687.21126171644,40.571128436546545,-6337.816769505036,18986.34146971851,5717537.0
2021-12-22,468500,474500,468000,470500,95964,481372.5645703327,488265.93635344115,42.4264223747443,-6893.3717831084505,18200.60588568386,5813501.0
2021-12-23,471000,472000,461000,464000,165010,478699.86232874304,486468.45958651963,40.2286210227487,-7768.597257776593,17685.67023187191,5648491.0
2021-12-24,465000,467000,463000,463000,101425,476284.4988935518,484730.05517270335,39.8862894242909,-8445.556279151526,16707.0517697641,5547066.0
2021-12-27,461000,463000,449000,450500,190773,472317.65290992847,482194.49553028087,35.78680309725732,-9876.8426203524,16513.494306043558,5356293.0
2021-12-28,451000,463000,448500,462000,215074,470730.3216930164,480698.6069724823,41.721352890878876,-9968.285279465897,16369.537492870495,5571367.0
2021-12-29,464000,473000,462000,467000,168633,470156.4260479369,479683.895344891,44.13865921785768,-9527.469296954107,15985.662864307014,5740000.0
2021-12-30,467000,469000,456500,460000,113558,468593.89896363893,478225.82902304723,41.540832707846185,-9631.930059408303,15736.484279327307,5626442.0
2022-01-03,463000,468500,458000,460000,96581,467271.76066154067,476875.7676139326,41.540832707846185,-9604.006952391937,15362.166988080944,5626442.0
2022-01-04,459500,459500,442000,444000,232605,463691.4897905344,474440.5255684561,35.93433186913553,-10749.035777921672,15550.715860258164,5393837.0
2022-01-05,442000,442500,413000,417000,454908,456508.1836689138,470185.67182264454,28.85664957502308,-13677.488153730752,16654.955239873925,4938929.0
2022-01-06,410000,413000,400000,402000,372826,448122.3092583117,465134.8813172634,25.81464523800118,-17012.572058951715,16679.61620636989,4566103.0
2022-01-07,402500,405500,393500,394500,339356,439872.72321857145,459902.66788635496,24.428026715198868,-20029.944667783508,16345.170115637515,4226747.0
2022-01-10,393000,393500,373000,381500,438835,430892.3042618681,454095.0628577361,22.201909926735752,-23202.758595867956,16713.5643271153,3787912.0
2022-01-11,380500,384500,364000,365000,391852,420755.0266831191,447495.4285719778,19.74272126426868,-26740.4018888587,16984.15502382057,3396060.0
2022-01-12,369500,374000,364500,367500,368318,412561.94565494696,441569.8412703498,21.16750043193288,-29007.895615402842,16449.332084202517,3764378.0
2022-01-13,364000,365000,345000,346500,570811,402398.56940033974,434527.6308058795,18.238518725580928,-32129.061405539745,16881.70314448697,3193567.0
2022-01-14,338500,354000,333500,343500,462339,393337.25103105674,427784.8433387773,17.858351141161936,-34447.592307720566,17140.25314304319,2731228.0
2022-01-17,351500,354500,338000,341000,298123,385285.366257048,421356.3364247938,17.53042102428994,-36070.970167745836,17094.50430851505,2433105.0
2022-01-18,339000,343000,334000,340500,251142,378395.3099098098,415366.97817110544,17.46136005137222,-36971.66826129565,16516.13211609523,2181963.0
2022-01-19,341000,342500,323000,324500,415623,370103.72376983904,408636.0908991717,15.37415015271573,-38532.36712933268,16729.331705573022,1766340.0
2022-01-20,323500,328500,316500,325000,297605,363164.68934370996,402440.82490664045,15.71321459989099,-39276.13556293049,16391.424915346295,2063945.0
2022-01-21,320000,322500,306000,310000,706631,354985.5063677546,395593.3563950375,13.912333174859091,-40607.8500272829,16577.801583115568,1357314.0
2022-01-24,308500,313500,299000,302000,442843,346833.8900034846,388660.5151805903,13.053088646000052,-41826.625177105656,16429.350295104996,914471.0
2022-01-25,303500,308000,290000,291000,465805,338244.0607721793,381426.402944991,11.959354140103967,-43182.34217281174,16541.565452736275,448666.0
2022-01-26,294000,294500,276500,276500,808612,328744.9744995363,373654.07680091757,10.688030006728278,-44909.10230138124,16645.761674308607,-359946.0
2022-01-27,279000,282500,264000,264000,717325,318784.20919191535,365531.5525934422,9.727971804914901,-46747.34340152686,16778.23362535563,-1077271.0
2022-01-28,267500,284500,257500,274500,783003,311971.2539316207,358788.4746235576,16.512004050575825,-46817.220691936905,17508.494708310503,-294268.0
2022-02-03,279000,286500,275500,275500,364038,306360.2917882944,352618.95798477554,17.150590217453935,-46258.66619648115,17114.963290053554,69770.0
2022-02-04,274500,297000,274500,288500,485012,303612.55459009524,347869.40554145887,25.164278680272314,-44256.85095136362,17499.670051935365,554782.0
2022-02-07,290000,306000,283500,305000,534422,303826.0077300806,344693.89401986933,33.90303856212031,-40867.88628978876,17856.88931615733,1089204.0
2022-02-08,304500,314500,296500,299500,420619,303160.46807929897,341346.19816654566,32.53905474279629,-38185.73008724669,17867.112912101453,668585.0
2022-02-09,304000,306500,295000,297000,185777,302212.7037594068,338061.2945986534,31.910609140021784,-35848.59083924658,17412.26111994645,482808.0
2022-02-10,300000,306500,292500,297000,312108,301410.7493348827,335019.7172209754,31.91060914002179,-33608.967886092665,17168.499313638073,482808.0
2022-02-11,268500,270000,255500,259000,1242240,294886.0186679777,329388.6270564587,23.80558138592926,-34502.60838848096,18906.654797614985,-759432.0
2022-02-14,252000,268500,248500,267500,548562,290672.7850267504,324804.2843115358,28.19868858408039,-34131.499284785416,18984.758859274396,-210870.0
2022-02-15,268000,289500,266000,281000,689509,289184.6642534042,321559.52251068136,34.64386120778316,-32374.85825727717,19307.306668625348,478639.0
2022-02-16,286000,288000,277000,277500,296947,287387.02359903435,318295.8541765568,33.79683439133556,-30908.830577522458,18713.875369176123,181692.0
2022-02-17,277500,280500,269000,273000,319221,285173.63535302907,314940.6057190341,32.69016687997682,-29766.97036600503,18198.556424195194,-137529.0
2022-02-18,266500,276500,265000,274000,215275,283454.61452948616,311907.9682583649,33.213528421699856,-28453.35372887872,17720.051779746525,77746.0
2022-02-21,269500,279500,266500,273500,179499,281923.13537110365,309062.9335725601,33.07505114806577,-27139.798201456433,17382.88145426881,-101753.0
2022-02-22,268500,280000,268000,273500,238940,280627.26839093387,306428.6421968149,33.07505114806577,-25801.373805881012,16998.36475047892,-101753.0
2022-02-23,277500,296500,275500,286000,475696,281453.84248463635,304915.40944149526,40.292767434991134,-23461.566956858907,17427.0790425893,373943.0
2022-02-24,282000,287000,280000,285500,245896,282076.32825623074,303477.2309643475,40.10644267236401,-21400.902708116744,16682.245640639452,128047.0
2022-02-25,290000,293000,283000,284000,210160,282372.27775527217,302034.47311513656,39.51607412880693,-19662.19535986439,16204.91736249658,-82113.0
2022-02-28,283000,295000,279000,295000,197803,284315.0042544611,301513.40103253385,45.81510077486775,-17198.396778072754,16190.279695631922,115690.0
2022-03-02,299000,306500,295000,298000,264742,286420.38821531326,301253.149104198,47.4233007236209,-14832.760888884717,15855.24457624982,380432.0
2022-03-03,300000,302500,298000,298500,121273,288278.790028342,301049.2121335167,47.701900723617314,-12770.422105174686,15044.121639498735,501705.0
2022-03-04,296500,297500,282000,282500,238713,287389.74540859705,299675.1964199228,40.33615169114607,-12285.451011325757,15148.11700336358,262992.0
2022-03-07,277500,278000,268500,271000,176042,284868.24611496675,297551.1077962249,36.02983427065101,-12682.861681258131,15066.105678502368,86950.0
2022-03-08,266500,281000,266500,273500,159115,283119.28517420264,295769.5442557638,37.58972621958232,-12650.259081561177,15025.66819994218,246065.0
2022-03-10,281500,295000,280000,295000,292969,284947.08745509456,295712.5409775591,49.08773408950699,-10765.453522464551,15488.13489999485,539034.0
2022-03-11,292000,293000,284500,285000,231836,284955.2278466185,294919.0194236659,44.94056917433078,-9963.791577047377,15131.829227554888,307198.0
2022-03-14,285000,292000,281000,281000,169976,284346.7312548311,293887.9809478388,43.36246048126488,-9541.249693007732,14836.690628800876,137222.0
2022-03-15,278500,282500,274000,277500,114644,283293.3879848571,292674.0564331841,41.97357313384153,-9380.668448326993,14384.058562907941,22578.0
2022-03-16,280500,286500,278500,281500,140323,283017.48214103293,291846.3485492445,44.174289113669325,-8828.866408211587,13999.474030603018,162901.0
2022-03-17,287500,292000,284000,284000,198288,283168.6387347202,291265.13754559675,45.563889593421834,-8096.498810876568,13749.506215846235,361189.0
2022-03-18,285000,291000,277500,286000,288541,283604.23277553247,290875.127357034,46.70677417147832,-7270.894581501547,13731.683986836095,649730.0
2022-03-21,287500,291000,276000,276000,283001,282434.3508100659,289773.2660713278,41.96287736081025,-7338.915261261864,13822.279670291782,366729.0
2022-03-22,276000,281000,275500,279000,89046,281905.9891469788,288975.2463623406,43.80680972651605,-7069.257215361751,13227.820870885354,455775.0
2022-03-23,282000,286500,279500,283000,179359,282074.2985089821,288532.63552068576,46.25853625078556,-6458.337011703639,12818.68425703174,635134.0
2022-03-24,280000,283500,276500,280500,140646,281832.0987383695,287937.6254821164,44.938837307484555,-6105.526743746945,12403.05777278397,494488.0
2022-03-25,281000,282000,278000,278500,128623,281319.4681632357,287238.5421130707,43.8607990042313,-5919.07394983503,11802.831072854864,365865.0
2022-03-28,278500,279000,270500,271500,192699,279808.7807535071,286072.7241787692,40.22376158255838,-6263.943425262114,11566.911542883281,173166.0
2022-03-29,273000,275500,271000,273000,173269,278761.2760221983,285104.37423960114,41.34615629142839,-6343.098217402818,11062.126137298454,346435.0
2022-03-30,274500,276500,271000,272500,147316,277798.00278801395,284170.7168885195,41.06933586276203,-6372.714100505575,10664.827021063837,199119.0
2022-03-31,272500,281500,272000,275500,187476,277444.46389755025,283528.44156344404,43.51303194828763,-6083.977665893792,10581.624236881526,386595.0
2022-04-01,276500,278000,272000,278000,125727,277529.93099023483,283118.9273735593,45.539730157737715,-5588.99638332444,10254.362243318734,512322.0
2022-04-04,275500,299500,275500,298500,507532,280756.0954532756,284258.26608662895,58.64319929418679,-3502.170633353351,11236.202202166112,1019854.0
2022-04-05,300500,301000,290500,293500,241079,282716.69615277165,284942.83896910085,55.15733404495596,-2226.1428163292003,11183.615898374945,778775.0
2022-04-06,289000,296500,286000,287000,172907,283375.66597542213,285095.221267686,50.91984986617255,-1719.5552922638599,11134.785818679584,605868.0
2022-04-07,283000,288500,283000,284000,134315,283471.7173638187,285014.0937663759,49.046971386656274,-1542.3764025571872,10732.298264993355,471553.0
2022-04-08,285500,287500,272000,280000,243269,282937.6070001543,284642.679413311,46.58656635244005,-1705.0724131566822,11072.850629963792,228284.0
2022-04-11,276500,282500,275000,281500,96798,282716.4366924383,284409.8883456584,47.64716379926728,-1693.4516532200505,10817.645454090258,325082.0
2022-04-12,277000,279500,267000,267000,759269,280298.5233551401,283120.2669867207,39.485181551048534,-2821.7436315805535,11080.67227123727,-434187.0
2022-04-13,266500,269000,263000,267500,144215,278329.51976204163,281963.2101728895,39.86770061824121,-3633.690410847892,10717.765196920302,-289972.0
2022-04-14,268500,271000,264000,266500,125573,276509.59364480444,280817.7871971199,39.33220694036413,-4308.193552315468,10452.20924077565,-415545.0
2022-04-15,265000,266500,263500,264500,113682,274661.96385329607,279609.0622195555,38.22632098945509,-4947.098366259423,9919.906162468344,-529227.0
2022-04-18,263500,264500,260500,261000,94033,272560.1232604813,278230.61316625506,36.302682429879205,-5670.489905773778,9497.053938490651,-623260.0
2022-04-19,261500,264500,260500,261500,56824,270858.5658357919,276991.3084872732,36.792032260327204,-6132.742651481356,9104.405690525784,-566436.0
2022-04-20,262000,263000,258000,258000,127262,268880.32493797777,275584.54489562334,34.777915822545516,-6704.219957645575,8811.232789107382,-693698.0
2022-04-21,259000,260500,257000,258000,64119,267206.4287936735,274281.98601446603,34.777915822545516,-7075.557220792514,8431.857737092629,-693698.0
2022-04-22,257000,258000,247000,250000,286187,264559.28590233915,272483.32038376486,30.370588433187038,-7924.034481425711,8615.29704548019,-979885.0
2022-04-25,246500,249000,242000,242500,162783,261165.54960967158,270262.3336886712,26.925562432670073,-9096.784078999597,8571.347128522462,-1142668.0
2022-04-26,244500,253000,244000,248500,170318,259217.00351587596,268650.3089709918,33.431129466704526,-9433.305455115857,8709.108420457209,-972350.0
2022-04-27,240000,242500,236000,238500,234396,256029.77220574117,266416.95275091834,28.825125435970488,-10387.180545177165,8979.887070378518,-1206746.0
2022-04-28,239500,242500,233000,240500,174851,253640.576481781,264497.17847307253,30.876356408701994,-10856.601991291536,9017.038080549462,-1031895.0
2022-04-29,241000,253000,239000,252000,184533,253388.18009996854,263571.46154914127,41.34407975275398,-10183.281449172733,9372.964702587044,-847362.0
2022-05-02,248000,252500,246000,251500,106610,253097.6908538195,262677.27921216784,41.05298977552616,-9579.588358348323,9167.752525530841,-953972.0
2022-05-03,251000,259500,250500,256500,119305,253621.12303015497,262219.70297422947,45.20749902133386,-8598.579944074503,9155.770179908524,-834667.0
2022-05-04,256500,261500,254000,258000,143846,254294.79641013112,261907.1323835458,46.42735064750196,-7612.33597341468,9037.500676315027,-690821.0
2022-05-06,253500,258500,250000,256500,108855,254634.05850088017,261506.6040588387,45.34028734003491,-6872.54555795854,8999.10770906108,-799676.0
2022-05-09,252000,256500,246500,251500,145967,254151.89565459092,260765.37412855437,41.82485451994336,-6613.478473963449,9070.600122420923,-945643.0
2022-05-10,246000,247000,241500,245000,123155,252743.91170773076,259597.56863755034,37.72939692138477,-6853.656929819583,9136.985920105382,-1068798.0
2022-05-11,242500,259500,239500,257000,214893,253398.69452192602,259405.15614587994,47.87673597325496,-6006.461623953917,9912.91649730014,-853905.0
2022-05-12,253500,265000,242000,252000,673602,253183.51074932204,258856.62606099993,44.614477606224135,-5673.115311677888,10847.709294815882,-1527507.0
2022-05-13,259000,263500,246500,253500,576165,253232.20140327248,258459.8389453703,45.80747405670008,-5227.637542097829,11287.159119263597,-951342.0
2022-05-16,256000,258500,239500,241000,304344,251350.3242643075,257166.51754200956,38.38701640644991,-5816.193277702056,11838.0768935373,-1255686.0
2022-05-17,241500,245500,239500,240000,179189,249604.1205313371,255894.92365000886,37.858651268322554,-6290.803118671756,11421.071001559332,-1434875.0
2022-05-18,242000,248000,240500,247500,184124,249280.40968036215,255273.0774537119,44.07585496626563,-5992.667773349764,11176.708569734992,-1250751.0
2022-05-19,240500,241000,236000,237000,238251,247391.11588338338,253919.51616084436,38.29873287212563,-6528.4002774609835,11199.800833833175,-1489002.0
2022-05-20,237500,256000,237500,256000,324746,248715.55959363212,254073.6260748559,50.85220411210786,-5358.066481223796,11756.958344583587,-1164256.0
2022-05-23,255000,259000,253000,256500,118636,249913.16580999643,254253.35747671843,51.13396321333327,-4340.191666722007,11345.746741307987,-1045620.0
2022-05-24,252500,258000,247500,247500,154928,249541.90953153546,253753.1087747393,46.01978687196597,-4211.199243203824,11285.33621982342,-1200548.0
2022-05-25,251500,258500,249000,257000,176409,250689.3080651454,253993.61923586973,51.53041750637417,-3304.311170724337,11264.955048745156,-1024139.0
2022-05-26,256000,264500,254500,255000,204563,251352.49143973843,254068.16595913863,50.36472436161598,-2715.6745194001996,11174.601065154977,-1228702.0
2022-05-27,261000,261000,249000,249000,896244,250990.56967977868,253692.74625846167,46.93452805785777,-2702.176578682993,11233.558163156087,-2124946.0
2022-05-30,254000,260500,252500,259000,173129,252222.7897290435,254085.87616524228,52.71483445815803,-1863.0864361987915,11252.58973229067,-1951817.0
2022-05-31,258500,262000,256500,259500,393292,253342.36053995986,254486.92237522433,52.99056100703376,-1144.561835264467,10841.690278046592,-1558525.0
2022-06-02,256500,261000,249500,250000,201849,252828.1512261199,254154.55775483733,47.34199148337326,-1326.4065287174308,10888.71242098372,-1760374.0
2022-06-03,253500,254500,250500,253000,126332,252854.5894990245,254069.0349581827,49.18412744635928,-1214.445459158189,10432.375639790922,-1634042.0
2022-06-07,256500,269500,256500,268500,418115,255261.5757299438,255137.99533165063,57.46376657199885,123.58039829318295,10865.777538278438,-1215927.0
2022-06-08,269000,276000,266500,271500,280507,257759.794848414,256349.99567745428,58.8609098428042,1409.7991709597118,10768.221966706898,-935420.0
2022-06-09,270000,280000,269000,276500,469081,260642.90333327337,257842.58859023545,61.15121218861004,2800.3147430379177,10784.777545733163,-466339.0
2022-06-10,273500,278500,268000,274000,194126,262697.84128200053,259039.43387984764,59.3714161685975,3658.407402152894,10764.436286511436,-660465.0
2022-06-13,267500,270500,257500,260000,223411,262282.78877707734,259110.58692578485,50.50631746326263,3172.201851292484,11174.119520274648,-883876.0
2022-06-14,256000,263500,252500,261000,163420,262085.43665752697,259250.5434498008,51.0683387635275,2834.893207726156,11161.682408544108,-720456.0
2022-06-15,259500,263000,249000,259500,228326,261687.6771717536,259269.0217127785,50.14844760847501,2418.6554589750885,11364.419426883682,-948782.0
2022-06-16,263500,264000,251500,252000,146794,260197.26529917613,258730.5756599801,45.71447378256528,1466.6896391960327,11445.532342618128,-1095576.0
2022-06-17,247000,265000,246500,262500,251010,260551.53217622597,259009.79227775935,52.09983357076503,1541.7398984666215,11949.422991414858,-844566.0
2022-06-20,264500,266000,256500,259000,145360,260312.83491834503,259009.06692385126,49.98906898992482,1303.76799449377,11774.464173478797,-989926.0
2022-06-21,264000,272000,259500,268500,172166,261572.39877706117,259712.09900356596,55.284505269019135,1860.2997734952078,11862.002462056822,-817760.0
2022-06-22,271000,271000,259500,259500,124190,261253.56819597486,259696.38796626477,49.89445654468456,1557.1802297100949,11836.14513915425,-941950.0
2022-06-23,261500,269500,258500,264500,197328,261753.01924274795,260052.21107987477,52.65608716892092,1700.8081628731743,11776.420477383215,-744622.0
2022-06-24,265000,277000,265000,273500,217031,263560.24705155595,261048.34359247665,57.22608509206103,2511.9034590793017,11828.104736210118,-527591.0
2022-06-27,277000,278500,265000,266000,187080,263935.59365900885,261415.1329559969,52.66394439005233,2520.4607030119514,11947.525841953266,-714671.0
2022-06-28,266500,267000,257000,260000,180877,263330.11771146907,261310.30829258973,49.27929421284501,2019.809418879333,11808.416836506447,-895548.0
2022-06-29,253500,256500,238000,238000,400738,259433.17652508922,259583.61878943496,39.30459433943487,-150.44226434573648,12536.387143794895,-1296286.0
2022-06-30,236000,238500,219000,219000,434760,253212.68782892165,256577.42480503235,33.077521788183645,-3364.7369761106966,13033.788113692957,-1731046.0
2022-07-01,222000,226500,212500,215500,255073,247410.7358552414,253534.65259725216,32.06958550067178,-6123.91674201077,13102.803255077059,-1986119.0
2022-07-04,219000,223500,216500,222500,172017,243578.31495443505,251235.78944190015,36.25339458635162,-7657.474487465108,12738.317275684522,-1814102.0
2022-07-05,223000,231000,222500,226000,122203,240873.9588075989,249366.4717054631,38.29960470644047,-8492.512897864217,12435.580302277296,-1691899.0
2022-07-06,226500,239500,223500,234000,238897,239816.4266833529,248228.2145420955,42.8177580838694,-8411.78785874258,12690.181728893163,-1453002.0
2022-07-07,238000,242000,234000,240500,118420,239921.59180899092,247655.75420564396,46.26102325059344,-7734.1623966530315,12355.168724266186,-1334582.0
2022-07-08,241000,243000,236500,237000,99317,239472.11614606925,246866.43907929998,44.70018471285249,-7394.322933230724,11936.942359006935,-1433899.0
2022-07-11,237500,241000,234500,239500,69697,239476.4059697509,246320.77692527775,46.09911253687458,-6844.370955526858,11548.589309383115,-1364202.0
2022-07-12,239000,241500,235500,237000,85038,239095.42043594306,245630.3490048868,44.87653714916796,-6534.928568943753,11152.261478845197,-1449240.0
2022-07-13,239000,243500,236500,242500,83448,239619.20190733645,245398.4713008211,48.135367503292855,-5779.269393484661,10855.671357422085,-1365792.0
2022-07-14,240000,250500,239500,245000,149455,240447.01699851546,245368.95490816768,49.59407708032343,-4921.937909652217,10865.980546687333,-1216337.0
2022-07-15,246000,247000,235000,235500,136215,239685.9374602823,244637.92121126637,44.47510467667875,-4951.983750984073,10946.981939928311,-1352552.0
2022-07-18,236500,239000,234500,238500,83031,239503.4855433158,244183.26038080218,46.35805903141633,-4679.774837486388,10486.483210302726,-1269521.0
2022-07-19,237500,239500,233500,235000,152856,238810.6416135749,243503.01887111313,44.463587777141655,-4692.377257538232,10166.020111167227,-1422377.0
2022-07-20,239000,254000,239000,247500,344415,240147.4659807172,243799.091547327,52.006992266303655,-3651.625566609786,10797.018697848795,-1077962.0
2022-07-21,246000,260000,245500,258500,288427,242970.93275291458,244888.04772900647,57.48026936610875,-1917.1149760918925,11061.517371315862,-789535.0
2022-07-22,259000,263000,257000,258000,151172,245283.09694477386,245859.3034527838,57.16116514934182,-576.2065080099273,10699.980404763537,-940707.0
2022-07-25,256500,261000,255000,256000,85011,246931.8512609625,246610.466159985,55.8261202558155,321.3851009774953,10364.267508829109,-1025718.0
2022-07-26,257500,262500,254500,257000,112346,248480.7972208144,247380.06125924538,56.37476006101922,1100.7359615690075,10195.391253583497,-913372.0
2022-07-27,256000,256500,240500,241000,295526,247329.90534068912,246907.4641289309,46.436960734937095,422.44121175821056,10645.720461183435,-1208898.0
2022-07-28,244500,246000,240000,244500,172505,246894.53528827542,246729.13345271378,48.57262328962589,165.40183556164266,10313.883277565548,-1036393.0
2022-07-29,224000,236000,221500,233500,576222,244833.83755161765,245749.19764140164,42.79710295734062,-915.3600897839933,11220.034491851651,-1612615.0
2022-08-01,234000,243500,231500,243000,207639,244551.70869752264,245545.55337166818,48.49322776066177,-993.8446741455409,11275.746314994147,-1404976.0
2022-08-02,241500,244000,239000,242000,95530,244159.13812867302,245282.91978858164,47.951939352793985,-1123.7816599086218,10827.478712609052,-1500506.0
2022-08-03,242500,254500,242500,252000,190062,245365.42457041563,245780.48128572374,53.537133996043956,-415.0567153081065,10946.944520944096,-1310444.0
2022-08-04,257000,266500,256500,263000,249022,248078.4361749671,247056.00119048497,58.77732695373958,1022.4349844821263,11200.734202147905,-1061422.0
2022-08-05,264000,264500,257000,257500,85301,249527.90753266448,247829.63073193052,55.41220064635663,1698.2768007339619,10936.396040858788,-1146723.0
2022-08-08,255500,261500,254000,260000,75875,251138.99868148533,248731.13956660233,56.62773065997955,2407.859114883002,10690.939177354641,-1070848.0
2022-08-09,260000,265500,258000,263000,104256,252963.76811510298,249788.09219129846,58.103745674656615,3175.6759238045197,10463.014947432197,-966592.0
2022-08-10,261500,265000,252000,253000,145254,252969.34225124097,250026.0112882393,51.778316675909565,2943.330963001674,10644.228167664336,-1111846.0
2022-08-11,257000,263500,256500,263500,144836,254589.44344335774,251024.0845261475,57.063786300736545,3565.358917210251,10633.92615557262,-967010.0
2022-08-12,264500,282000,264000,266000,538784,256344.91368284117,252133.41159828473,58.23750242545921,4211.502084556443,11195.788578890788,-428226.0
2022-08-16,269000,270500,265000,269000,130901,258291.85003932717,253382.7885169303,59.66250034830624,4909.061522396863,10788.94653360196,-297325.0
2022-08-17,269500,269500,263000,265500,105990,259400.796187123,254280.35973789843,57.209880267519715,5120.436449224566,10482.593207018692,-403315.0
2022-08-18,264500,264500,257000,258000,120633,259185.28908141176,254555.88864620222,52.25290061895,4629.400435209536,10340.979405334996,-523948.0
2022-08-19,259500,261000,253000,255000,86089,258541.39845350228,254588.78578352055,50.37277591411621,3952.612669981725,10173.76658937184,-610037.0
2022-08-22,253500,257000,248000,252500,91113,257611.95253757885,254434.06091066718,48.79707607881123,3177.8916269116744,10089.92611809885,-701150.0
2022-08-23,251000,253500,243500,243500,142221,255440.88291641287,253624.13047283998,43.51934627642477,1816.7524435728847,10083.502823905994,-843371.0
2022-08-24,245500,250000,240500,241000,130452,253219.2086215801,252689.00969707407,42.15542590332102,530.1989245060249,10041.824050511137,-973823.0
2022-08-25,242000,247000,241500,244500,74548,251877.7919105678,252082.41638617968,44.76536779997989,-204.62447561189765,9753.12233095342,-899275.0
2022-08-26,246000,247000,242000,244500,64253,250742.74700124966,251520.7559131293,44.7653677999799,-778.0089118796459,9413.613591211039,-899275.0
2022-08-29,233500,237500,231000,232000,132493,247859.24746259587,250074.77399363823,37.71661533880148,-2215.5265310423565,9705.498336146617,-1031768.0
2022-08-30,233500,241500,233500,239000,98314,246496.28631450422,249254.42036447985,43.11814270781788,-2758.1340499756334,9690.819883496973,-933454.0
2022-08-31,236500,248000,234500,246500,134169,246496.8576507343,249050.38922637026,48.29238529746157,-2553.5315756359487,9962.90417869887,-799285.0
2022-09-01,242500,243000,234000,236000,159233,244881.95647369826,248083.69372812062,42.46803008843558,-3201.7372544223617,10144.125309512925,-958518.0
2022-09-02,237000,238500,231500,232000,98119,242900.1170162062,246892.3090075191,40.465805625960606,-3992.191991312895,9919.544929432179,-1056637.0
2022-09-05,231000,239000,231000,236000,70630,241838.5605521745,246085.47130325844,43.342493781828765,-4246.910751083953,9782.434576859448,-986007.0
2022-09-06,237500,241000,233500,235500,67837,240863.3973903015,245301.3623178319,43.062389898798536,-4437.964927530382,9619.403535135787,-1053844.0
2022-09-07,233000,234500,230000,233500,68457,239730.56702256284,244427.18733132584,41.89605560381242,-4696.620308762998,9325.160424612737,-1122301.0
2022-09-08,236000,241000,235000,237000,145257,239310.4797883224,243877.02530678318,44.71789455555956,-4566.545518460771,9194.791822496549,-977044.0
2022-09-13,242000,247000,241000,246500,122486,240416.55982088821,244071.31972850295,51.590167954844844,-3654.7599076147308,9252.306692464937,-854558.0
2022-09-14,236500,241500,235000,238500,98958,240121.70446382847,243658.62937824347,46.36330291837898,-3536.9249144149944,9412.856214812015,-953516.0
2022-09-15,240500,240500,235500,239000,66639,239949.1345463164,243313.5457205958,46.72658965694415,-3364.411174279405,9097.652198775013,-886877.0
2022-09-16,235500,240500,234000,239000,131065,239803.11384688312,242994.0238153665,46.72658965694416,-3190.909968483378,8912.10561276927,-886877.0
2022-09-19,242000,242000,226000,226000,226781,237679.55787043957,241735.20723645046,38.801885431325715,-4055.6493660108827,9418.383784245902,-1113658.0
2022-09-20,230000,230500,223000,225500,103739,235805.7797365258,240532.5992930097,38.5312136378201,-4726.819556483912,9281.35637084417,-1217397.0
2022-09-21,224000,225500,219000,222000,153173,233681.81362321414,239159.81416019416,36.60622639237759,-5478.00053698002,9082.688058316146,-1370570.0
2022-09-22,218000,218500,214000,216500,137971,231038.4576811812,237481.30940758716,33.75257203371582,-6442.851726405963,9005.353196890423,-1508541.0
2022-09-23,217000,218000,205000,205500,187309,227109.46419176873,235112.32352554367,28.9001249566963,-8002.859333774948,9290.685111800562,-1695850.0
2022-09-26,202500,210500,201500,209000,195696,224323.39277765047,233178.07733846636,32.238220623292364,-8854.684560815891,9269.92188950191,-1500154.0
2022-09-27,210500,217500,206500,213000,142792,222581.33235031963,231683.40494302442,35.9398628116351,-9102.07259270479,9393.498897544867,-1357362.0
2022-09-28,209000,211500,202000,205000,153971,219876.51198873197,229706.8564287263,32.156382335020055,-9830.34443999434,9508.248976421206,-1511333.0
2022-09-29,208500,212500,203500,205500,123527,217664.74091354245,227913.75595252437,32.63371633814571,-10249.015038981917,9471.94547806735,-1387806.0
2022-09-30,205000,212000,204000,210000,133112,216485.5500037667,226586.81106715222,36.93435921294321,-10101.261063385522,9366.806515245913,-1254694.0
2022-10-04,212000,215000,210000,214000,99103,216103.15769549488,225654.45469180762,40.56643366697262,-9551.29699631274,9054.89176387499,-1155591.0
2022-10-05,216000,216000,200500,202000,186576,213933.4411269572,223902.27286278483,34.20249907101633,-9968.83173582764,9515.256638270304,-1342167.0
2022-10-06,203000,204500,200500,201000,108788,211943.68095357917,222205.80820628224,33.727657756929354,-10262.127252703067,9121.309735229686,-1450955.0
2022-10-07,198000,200500,191000,191500,311611,208798.49926841314,219931.30389470578,29.532915594629337,-11132.804626292636,9184.073325615844,-1762566.0
2022-10-11,187500,188000,176500,178000,335329,204060.26861173418,216825.28138398685,24.81063476051439,-12765.012772252667,9599.496659779588,-2097895.0
2022-10-12,178000,181500,176000,180500,166675,200435.61190223662,214134.51979998781,27.13422736065653,-13698.907897751196,9306.675469612614,-1931220.0
2022-10-13,179000,180000,169500,176000,313453,196676.2869942002,211309.74055554427,25.600629816112423,-14633.453561344068,9427.627221853223,-2244673.0
2022-10-14,180500,184500,178000,182000,188552,194418.39668740018,209138.648662541,31.185312557697433,-14720.251975140825,9361.368134542343,-2056121.0
2022-10-17,177000,180500,171000,179500,180445,192123.25873549248,206943.1932060565,30.169144171739685,-14819.93447056401,9478.413267847796,-2236566.0
2022-10-18,185000,190000,184500,189000,161828,191642.75739157054,205614.06778338563,38.385292137586134,-13971.310391815088,9551.383748749664,-2074738.0
2022-10-19,190000,192000,183000,183000,108434,190313.102408252,203938.951651283,35.5410687756865,-13625.849243031,9511.999195250579,-2183172.0
2022-10-20,180500,182000,171500,176000,312290,188111.0866531363,201869.39967711386,32.514137504033826,-13758.313023977564,9653.999252789481,-2495462.0
2022-10-21,173000,181000,172500,179000,119274,186709.38101419224,200175.37007140173,35.06653637527382,-13465.989057209488,9571.57073470247,-2376188.0
2022-10-24,182500,185500,176500,178500,188341,185446.39931970113,198569.78710314975,34.830094807277554,-13123.38778344862,9530.744253638215,-2564529.0
2022-10-25,179000,179500,172500,174500,133865,183762.33788590095,196786.83991032385,32.91787662706845,-13024.502024422894,9349.976806891877,-2698394.0
2022-10-26,175000,177500,172000,172500,130495,182029.67051883927,194987.81473178134,31.97269193958708,-12958.144212942076,9074.978463460675,-2828889.0
2022-10-27,174500,177500,173500,175000,148828,180948.18274671017,193507.23586276048,34.504276870295435,-12559.053116050316,8783.908573133103,-2680061.0
2022-10-28,173000,180500,173000,175000,134146,180033.07770875478,192136.32950255598,34.50427687029543,-12103.251793801202,8692.200817885794,-2680061.0
2022-10-31,179000,180000,176000,177500,75491,179643.37344586942,191052.1569468111,37.21409857398694,-11408.783500941674,8428.472187974012,-2604570.0
2022-11-01,177500,179500,175500,178000,93727,179390.5467618895,190085.33050630658,37.76866246693248,-10694.783744417073,8112.152745905929,-2510843.0
2022-11-02,177500,194500,177000,194000,361756,181638.15495236803,190375.30602435794,52.29068993103689,-8737.151071989909,8782.713264193178,-2149087.0
2022-11-03,187500,188500,182500,183000,199494,181847.66957508065,189828.9870595907,44.5872274469637,-7981.317484510044,8976.805173930668,-2348581.0
2022-11-04,183000,189000,182000,188500,131621,182871.10502506825,189730.5435736951,48.65984356076309,-6859.438548626844,8835.604804339197,-2216960.0
2022-11-07,190000,198000,188500,194000,185661,184583.24271351928,190046.79960527323,52.425353900961106,-5463.5568917539495,8883.061604037055,-2031299.0
2022-11-08,197000,198500,193000,194500,128521,186108.89768067017,190376.66630117892,52.764531283418435,-4267.768620508752,8641.414346568952,-1902778.0
2022-11-09,197500,198000,193500,195000,152071,187476.75957595167,190719.13546405456,53.12443186278995,-3242.3758881028916,8345.599036057813,-1750707.0
2022-11-10,191000,195000,190500,192000,183547,188172.64271811294,190814.01431856904,50.63171534579431,-2641.3716004560993,8070.9133905889585,-1934254.0
2022-11-11,202000,227000,201500,227000,738955,194146.08229994174,193494.45770237874,68.94169379683996,651.6245975630009,9994.419577210538,-1195299.0
2022-11-14,225000,230000,220000,224500,278254,198815.9157922584,195791.16453923957,67.0293693514704,3024.751253018825,9994.8181788384,-1473553.0
2022-11-15,224000,226500,217500,220000,170839,202075.00567037248,197584.411610407,63.60913170262112,4490.594059965486,9923.759737485312,-1644392.0
2022-11-16,222000,224000,218500,221000,129198,204986.54325954596,199318.89963926573,64.04815193892948,5667.643620280229,9607.776899062585,-1515194.0
2022-11-17,220500,233000,220500,229500,307008,208757.84429653888,201554.53670302383,67.62355413360483,7203.3075935150555,9814.364263434029,-1208186.0
2022-11-18,230500,235500,224500,230000,248585,212025.86825091753,203661.6080583554,67.82624825399758,8364.260192562127,9899.052530338744,-959601.0
2022-11-21,234500,244500,233500,236500,332966,215791.1192892379,206094.08153551424,70.41895570831274,9697.037753723649,10227.691635340296,-626635.0
2022-11-22,235500,235500,222500,224000,195303,217054.0240139705,207420.44586621688,60.34749630646082,9633.578147753637,10497.142232835591,-821938.0
2022-11-23,226000,229500,221000,223000,137849,217968.78955028273,208574.48691316377,59.61295178609902,9394.302637118963,10354.489216194841,-959787.0
2022-11-24,226000,232000,225500,228000,145171,219512.0526963931,210013.41380848497,62.0971455752079,9498.638887908135,10257.73998646057,-814616.0
2022-11-25,227500,229500,218000,219500,150357,219510.19843540955,210716.12389674535,55.812140374402446,8794.074538664194,10346.472844575697,-964973.0
2022-11-28,219500,221500,215000,217000,120671,219124.01406073113,211181.59620069014,54.07847913434913,7942.417860040994,10071.724784234002,-1085644.0
2022-11-29,218500,221000,216000,219000,81870,219104.9349744648,211760.73722286124,55.27537653846281,7344.197751603555,9709.458728199093,-1003774.0
2022-11-30,218500,227000,214000,227000,707331,220319.56036300864,212889.57150264928,59.789980146750956,7429.988860359357,9944.497390481547,-296443.0
2022-12-01,235500,237500,218000,220000,371947,220270.39723023807,213416.26990986045,54.596805803559604,6854.127320377622,10627.033291190994,-668390.0
2022-12-02,220500,220500,200000,201500,585176,217382.64381020144,212533.58324987078,43.77521409729665,4849.060560330661,11332.245198991424,-1253566.0
2022-12-05,200000,200500,183000,184500,755748,212323.7755317089,210457.02152765813,36.59679460316863,1866.7540040507738,11844.227684796868,-2009314.0
2022-12-06,184000,187000,178500,180000,375157,207350.88698836908,208200.94585894272,34.962424631982536,-850.0588705736445,11605.354278731666,-2384471.0
2022-12-07,179000,180000,176000,178500,463452,202912.28899015844,206000.87579531735,34.41077265533886,-3088.586805158906,11062.114687376199,-2847923.0
2022-12-08,178500,181500,177500,179500,325436,199310.39837628792,204037.84795862716,35.145451442573616,-4727.449582339235,10557.677923977104,-2522487.0
2022-12-09,180000,181500,179000,180500,252103,196416.4909337821,202294.3036653955,35.918457023122876,-5877.812731613405,9982.129500819905,-2270384.0
2022-12-12,180000,183500,179500,181500,179024,194121.6461747387,200753.9848753662,36.73057801955168,-6632.338700627501,9554.83453646461,-2091360.0
2022-12-13,183500,183500,179000,181500,211430,192179.85445554813,199327.7637734872,36.730578019551686,-7147.909317939077,9193.774926708496,-2091360.0
2022-12-14,183000,187000,182500,185500,261095,191152.18453930996,198303.4849754511,40.24375811219053,-7151.300436141144,8929.933860509169,-1830265.0
2022-12-15,183000,184000,179000,179500,206973,189359.54076403152,196910.6342365288,36.93111318785213,-7551.093472497276,8756.367156183504,-2037238.0
2022-12-16,177000,183500,176000,183500,252456,188458.07295418053,195917.25392271185,40.45035384874988,-7459.18096853132,8666.626645025819,-1784782.0
2022-12-19,181000,184000,181000,182500,112809,187541.44634584506,194923.38326177024,39.851659845710394,-7381.93691592518,8261.867598945344,-1897591.0
2022-12-20,182000,183000,177500,179000,125925,186227.3776772535,193743.87339052802,37.745917195781026,-7516.4957132745185,8064.5913418745595,-2023516.0
2022-12-21,180000,181500,175000,176000,131665,184653.93495767604,192429.51239863707,35.99048341104507,-7775.577440961031,7952.834817453233,-2155181.0
2022-12-22,177500,179500,175500,179000,158087,183784.09881034127,191434.73370244174,39.043433133032146,-7650.634892100468,7670.489473345408,-1997094.0
2022-12-23,177000,177500,172000,172500,151609,182048.08360875028,190032.1608355942,35.13346778722448,-7984.077226843918,7622.597368105818,-2148703.0
2022-12-26,172500,174000,171500,172000,97058,180502.22459201948,188696.44521814276,34.84440030811029,-8194.220626123279,7256.697556093764,-2245761.0
2022-12-27,172500,174000,170500,172500,146822,179271.11311632418,187496.7085353174,35.41664725894291,-8225.595418993209,6988.36201636972,-2098939.0
2022-12-28,170500,171500,164500,169500,212217,177767.864944582,186163.61901418277,33.51468118061322,-8395.754069600778,7060.621872344076,-2311156.0
2022-12-29,172500,178000,166000,168000,342547,176265.11649156938,184818.16575387292,32.572781067711205,-8553.049262303539,7413.434595751542,-2653703.0
2023-01-02,170500,171000,161500,164000,183942,174378.17549286637,183276.0794017342,30.14018973966039,-8897.903908867826,7562.47498177065,-2837645.0
2023-01-03,164500,167000,162000,166500,119343,173166.14849396385,182033.4068534576,33.48373253008473,-8867.258359493746,7379.441054499765,-2718302.0
2023-01-04,164500,167000,161500,166000,173169,172063.66411027708,180845.7470865348,33.14208834475792,-8782.08297625772,7245.195264891582,-2891471.0
2023-01-05,164500,168000,160500,165500,331718,171053.86963177292,179709.02508012482,32.78187594774432,-8655.1554483519,7263.395603113745,-3223189.0
2023-01-06,165000,168500,164000,165500,150674,170199.4281499617,178656.5047038193,32.78187594774431,-8457.076553857594,7066.010202889994,-3223189.0
2023-01-09,167000,172500,166500,171500,154937,170399.51612689064,178126.39324427713,41.6135223624341,-7726.877117386495,7061.295188397822,-3068252.0
2023-01-10,171500,173000,169500,171500,99627,170568.82133813822,177635.54930025662,41.6135223624341,-7066.727962118399,6806.916960653631,-3068252.0
2023-01-11,172000,173500,169000,171000,158940,170635.1565168862,177144.02712986723,41.09172986478963,-6508.870612981031,6642.137177748904,-3227192.0
2023-01-12,171000,174000,170500,171500,155236,170768.20936044215,176725.95104617337,41.87660221566152,-5957.74168573122,6417.698807908564,-3071956.0
2023-01-13,173500,177500,172500,173500,206391,171188.48484345103,176486.9917094198,45.03147271264837,-5298.506865968753,6387.863178772098,-2865565.0
2023-01-16,174500,178500,173000,175500,182658,171851.7948675355,176413.88121242574,48.06716176250099,-4562.086344890238,6324.4443802881,-2682907.0
2023-01-17,177000,177000,169500,170000,217061,171566.90334945312,175938.7789003942,41.310649318402604,-4371.875550941069,6408.412638839289,-2899968.0
2023-01-18,169500,173000,169500,171000,113874,171479.68744953725,175572.9434262909,42.8826902148326,-4093.2559767536586,6200.668878921417,-2786094.0
2023-01-19,170000,172500,169500,172500,85169,171636.65861114688,175345.3179873064,45.25161771112753,-3708.659376159514,5972.049673283376,-2700925.0
2023-01-20,171000,172500,170500,172500,90633,171769.48036327813,175134.55369195036,45.25161771112754,-3365.073328672239,5688.331839476503,-2700925.0
2023-01-25,173800,174700,172600,174000,110345,172112.63723046612,175050.5126777318,47.764207439782005,-2937.8754472656874,5439.165279513148,-2590580.0
2023-01-26,174500,182400,172600,182200,300702,173664.5391950098,175580.10433123316,58.87537136428516,-1915.565136223362,5750.653473834506,-2289878.0
2023-01-27,181400,185000,180100,183900,155044,175239.22547270058,176196.39289928996,60.73987320541192,-957.1674265893816,5689.892511417598,-2134834.0
2023-01-30,183700,185300,180200,180200,157043,176002.42155382357,176492.95638823145,54.905257628821566,-490.53483440788114,5647.7573320305255,-2291877.0
2023-01-31,180000,182500,179000,179300,148715,176509.74131477377,176700.88554465875,53.55758375098794,-191.144229884987,5494.346094028002,-2440592.0
2023-02-01,180200,182400,180000,181000,144770,177200.5503432701,177019.33846727663,55.76618042701515,181.2118759934674,5323.3213730256475,-2295822.0
2023-02-02,184300,185800,182000,182000,234595,177938.92721353623,177388.27635858947,57.05978512158198,550.6508549467544,5285.941274952315,-2061227.0
2023-02-03,183100,187300,181100,186700,205938,179286.7845652999,178078.03366536062,62.596386348030904,1208.750899939274,5351.23118388441,-1855289.0
2023-02-06,185100,185100,179000,179000,222999,179242.66386294606,178146.32746792652,50.99555953877052,1096.336395019549,5519.000385035802,-2078288.0
2023-02-07,178600,181100,178500,180600,108343,179451.4848071082,178328.08098882085,52.946938022459285,1123.4038182873628,5310.500357532923,-1969945.0
2023-02-08,188500,197100,187500,192000,648464,181382.02560601462,179340.81573038967,63.959074092303005,2041.209875624947,6109.7503319960015,-1321481.0
2023-02-09,190300,190600,181000,181000,495523,181323.2524358585,179463.71826887934,51.447302571057406,1859.534166979167,6459.053879711038,-1817004.0
2023-02-10,180100,180600,176200,177100,248195,180673.52129188026,179288.62802674013,47.871678153601835,1384.8932651401265,6340.550031160104,-2065199.0
2023-02-13,176200,176900,172200,172200,213755,179369.902631591,178763.54446920383,43.75685182715379,606.3581623871578,6237.653600362836,-2278954.0
2023-02-14,173600,176700,172600,174300,175345,178589.91761134623,178432.91154555912,45.90297259575704,157.00606578710722,6113.535486051073,-2103609.0
2023-02-15,173900,174900,171500,171900,142617,177560.69951729296,177948.99217181402,43.84390595227342,-388.29265452106483,5919.7115227615195,-2246226.0
2023-02-16,173200,180600,173100,178200,241899,177659.05343770943,177967.58534427226,50.163525010110725,-308.5319065628282,6118.303556850165,-2004327.0
2023-02-17,175000,176700,173400,174600,95829,177188.429831908,177718.1345780299,46.91453722342924,-529.7047461218899,6024.139017075072,-2100156.0
2023-02-20,175800,177500,173500,175800,101586,176974.8252423837,177576.05053521285,48.120731611249354,-601.2252928291564,5879.557658712452,-1998570.0
2023-02-21,174900,176400,173700,174500,93969,176594.0828974016,177348.1949400119,46.87805515282874,-754.1120426103007,5652.446397375681,-2092539.0
2023-02-22,171700,173000,170600,171700,115418,175841.1470670321,176929.81012964062,44.22876212612898,-1088.6630626085098,5527.2716547059035,-2207957.0
2023-02-23,173100,176300,172600,174200,109332,175588.66290287333,176727.60197188947,47.10322225384559,-1138.939069016138,5461.037965084011,-2098625.0
2023-02-24,173700,178500,171800,172500,180059,175113.48399473896,176414.44627026803,45.39005292697139,-1300.9622755290766,5549.535253292349,-2278684.0
2023-02-27,171200,172700,169000,172200,124946,174665.25568785603,176102.265065063,45.0784684297025,-1437.0093772069667,5417.425592342824,-2403630.0
2023-02-28,173000,173700,169800,169800,140084,173916.75481280126,175635.43061579906,42.56134141927778,-1718.6758029978082,5309.038050032566,-2543714.0
2023-03-02,170300,173800,168400,169000,183272,173160.3309954472,175143.91723685098,41.724977068650404,-1983.5862414037692,5315.5353321731,-2726986.0
2023-03-03,170200,170600,168900,169800,79089,172643.35699614766,174748.07151560276,42.932658885463496,-2104.7145194550976,5057.282808446337,-2647897.0
2023-03-06,171000,173500,170200,173500,122698,172775.14822750955,174655.62177370625,48.27205031093905,-1880.4735461967066,4960.334036414417,-2525199.0
2023-03-07,172700,172700,169200,169200,153747,172225.1254232773,174251.50164232063,43.21194713354134,-2026.3762190433335,4913.167319527655,-2678946.0
2023-03-08,168000,168900,165500,167400,152372,171482.7984350808,173743.9830021487,41.2620866127109,-2261.1845670679177,4826.512510989935,-2831318.0
2023-03-09,167900,168500,164800,166000,175495,170639.2909835299,173170.35463161918,39.75936222943138,-2531.0636480892717,4746.047331633485,-3006813.0
2023-03-10,163500,164300,161200,161900,147468,169294.78467837145,172335.51354779553,35.66310006956718,-3040.728869424085,4749.901093659666,-3154281.0
2023-03-13,161000,164100,161000,163500,131566,168403.27934323737,171681.03106277366,38.333158989866334,-3277.751719536289,4632.051015541086,-3022715.0
2023-03-14,162200,164500,160700,161700,150262,167372.00559812394,170941.69542849413,36.498026989858786,-3569.689830370189,4572.618800145278,-3172977.0
2023-03-15,163400,163600,157800,158000,211108,165930.15858302795,169983.05132267976,33.00074723462233,-4052.892739651812,4660.288885849208,-3384085.0
2023-03-16,157200,157800,154000,156100,141193,164417.82649333135,168954.6771506294,31.340025419640522,-4536.850657298055,4613.1253940028255,-3525278.0
2023-03-17,157000,164400,156800,164400,230024,164415.08395589574,168617.2936579902,44.48335759604504,-4202.209702094464,4876.473580145535,-3295254.0
2023-03-20,164800,167300,163200,165200,110376,164535.84027037333,168364.16079443536,45.56498277478839,-3828.32052406203,4821.011181563701,-3184878.0
2023-03-21,167900,174700,167900,169200,267459,165253.40330570049,168426.0748096624,50.73343565284308,-3172.671503961901,5155.224668594926,-2917419.0
2023-03-22,174000,177800,172400,177200,349777,167091.34125866965,169075.99519413183,59.09796951232687,-1984.6539354621782,5401.280049409615,-2567642.0
2023-03-23,175200,177800,174200,176500,137616,168538.82721887433,169625.92147604798,58.16737251012118,-1087.0942571736523,5272.617188737479,-2705258.0
2023-03-24,176500,177400,172700,173000,122180,169225.16149289368,169875.85321856293,53.62086808746622,-650.6917256692541,5231.71596097051,-2827438.0
2023-03-27,174300,174900,171200,174900,84839,170098.21357091004,170248.01223941013,55.64755193954628,-149.7986685000942,5122.3076780440315,-2742599.0
2023-03-28,174000,180300,171800,179500,214545,171544.6422523085,170933.34466612048,60.18394364914669,611.2975861880113,5363.571415326631,-2528054.0
2023-03-29,178700,179800,172600,174300,230896,171968.54344426104,171182.72654270416,53.51989170748776,785.8169015568856,5494.744885660458,-2758950.0
2023-03-30,174200,179700,173600,179100,216832,173065.69060668242,171769.19124324457,58.12877752763568,1296.499363437848,5537.977393827573,-2542118.0
2023-03-31,179800,183800,178100,183500,244132,174670.96897488512,172638.14004004127,61.86199203996833,2032.8289348438557,5549.550437125605,-2297986.0
2023-04-03,182300,185900,181700,182800,152348,175921.5891325951,173390.87040744562,60.931232883564654,2530.7187251494906,5453.15397733091,-2450334.0
2023-04-04,183000,189500,182800,189400,218430,177995.19080450354,174576.73185874594,66.10885382418319,3418.458945757593,5542.2144075215665,-2231904.0
2023-04-05,189400,189600,184200,184200,142008,178949.7768345799,175289.56653587587,59.426564698439236,3660.2102987040416,5532.05623555574,-2373912.0
2023-04-06,183000,185300,182300,182600,114465,179511.34962925993,175831.080125811,57.500638570110574,3680.2695034489443,5351.195075873174,-2488377.0
2023-04-07,182700,185900,180600,183500,112304,180124.9881478353,176399.1482646398,58.31892457876721,3725.8398831954983,5347.538284739376,-2376073.0
2023-04-10,182600,183700,179800,183000,123136,180567.29766355295,176888.10024503685,57.6547685304316,3679.1974185160943,5244.142692972271,-2499209.0
2023-04-11,182200,188300,182200,185600,156057,181341.55956146788,177533.4261528119,60.19342240641372,3808.1334086559655,5305.27535775997,-2343152.0
2023-04-12,184400,187700,183100,186600,119902,182150.55039816513,178205.02421556658,61.157945239123904,3945.526182598551,5254.898546491398,-2223250.0
2023-04-13,186500,189900,185600,189400,139057,183265.85033690894,179034.28168108017,63.802649815071106,4231.568655828771,5186.691507456294,-2084193.0
2023-04-14,190000,195600,189800,191900,232350,184594.18105430758,179987.297852852,66.02686718539285,4606.883201455581,5259.070685495133,-1851843.0
2023-04-17,191100,193400,186100,189200,118016,185302.76858441412,180669.72023412221,61.62283426276804,4633.048350291909,5404.851350816915,-1969859.0
2023-04-18,189200,190900,186900,188400,113794,185779.26572527346,181242.33355011317,60.338623891895715,4536.932175160298,5304.50482575856,-2083653.0
2023-04-19,190000,195500,188900,192400,174171,186797.84022907756,182068.8273612159,64.34017525445954,4729.01286786166,5432.754481061525,-1909482.0
2023-04-20,192400,198100,191400,194500,214320,187982.78788614256,182989.6549640888,66.26455613153539,4993.132922053745,5523.272018128562,-1695162.0
2023-04-21,194500,199000,192400,193900,176937,188893.1282113514,183797.82867045258,65.18223113402154,5095.299540898821,5600.181159690811,-1872099.0
2023-04-24,192100,194700,188200,191000,123278,189217.26233268194,184331.32284301164,60.07482557043333,4885.939489670302,5664.453933998611,-1995377.0
2023-04-25,190500,197400,190500,191500,136896,189568.45274303856,184862.33596575152,60.64736010069047,4706.116777287039,5752.707224427284,-1858481.0
2023-04-26,190000,192800,189200,190700,105307,189742.53693641725,185294.755523844,59.18494462558535,4447.78141257324,5598.942422682474,-1963788.0
2023-04-27,189300,191100,186000,189100,106649,189643.68510004535,185576.62548504077,56.26284357905242,4067.059615004575,5563.303678205154,-2070437.0
2023-04-28,189300,193900,189300,192100,123134,190021.57970003836,186059.8384120748,60.227892451764774,3961.741287963552,5508.781986904784,-1947303.0
2023-05-02,190200,196200,190100,193600,88518,190572.10590003245,186618.36890006927,62.079003325386815,3953.7369999631774,5551.011844983014,-1858785.0
2023-05-03,191800,195600,191800,192900,88118,190930.2434538736,187083.67490747152,60.660114026031295,3846.5685464020935,5425.9395703413675,-1946903.0
2023-05-04,191400,199000,191400,198300,179706,192064.05215327768,187914.51380321436,66.9379985320171,4149.538350063318,5581.229601031273,-1767197.0
2023-05-08,198300,204500,196500,203000,248337,193746.50566815806,189031.9572251985,71.23989085990173,4714.548442959553,5753.998915243328,-1518860.0
2023-05-09,202000,204000,199900,201000,175401,194862.42787305682,189918.47891222083,67.23106485932372,4943.948960835987,5635.856135583088,-1694261.0
2023-05-10,202500,205000,192100,200500,445426,195729.7466618173,190702.29528909337,66.22770127629366,5027.451372723939,6154.723554470018,-2139687.0
2023-05-11,200500,202500,196900,198800,198136,196202.09332923,191302.12526767905,62.79619142974976,4899.968061550957,6115.100443436445,-2337823.0
2023-05-12,197900,202000,196100,200500,147328,196863.3097401177,191983.44932192506,64.7624299661562,4879.860418192635,6099.7361260481275,-2190495.0
2023-05-15,198400,202000,198400,200000,86647,197345.8774724073,192577.26789067133,63.69615844610115,4768.609581735975,5921.183545616116,-2277142.0
2023-05-16,198800,202000,198400,198800,63562,197569.58863049847,193038.21100988085,61.09626665982529,4531.377620617626,5755.384720929249,-2340704.0
2023-05-17,198300,203000,196700,200000,110316,197943.49807196026,193553.899083223,62.73434791201605,4389.598988737271,5794.285812291446,-2230388.0
2023-05-18,199300,201000,198600,199600,113331,198198.3445224279,194001.75841039166,61.800238517271,4196.586112036253,5551.836825699198,-2343719.0
2023-05-19,200000,207000,199900,202500,207000,198860.13767282362,194631.2577873997,65.77867035369167,4228.8798854239285,5683.848481006399,-2136719.0
2023-05-22,205000,205000,199900,200500,119485,199112.4241846969,195065.9794327775,61.0559125111705,4046.4447519193927,5642.145018077371,-2256204.0
2023-05-23,201000,203500,198500,199300,105190,199141.28200243585,195379.6105859051,58.348965932896135,3761.671416530764,5596.27751678613,-2361394.0
2023-05-24,200000,200000,186800,186900,294955,197258.00784821494,194751.49128324544,39.07187981513126,2506.5165649694973,6139.40055130141,-2656349.0
2023-05-25,187300,189800,186600,187500,120593,195756.7758715665,194214.3437807828,40.10304260823524,1542.4320907836955,5929.443369065593,-2535756.0
2023-05-26,188100,188900,185100,185200,87391,194132.6565067101,193546.61461183592,37.48414604645987,586.0418948741863,5777.340271275192,-2623147.0
2023-05-30,187700,189500,185700,189000,90587,193343.01704413933,193209.82834429253,43.99191585667551,133.18869984679623,5671.815966184106,-2532560.0
2023-05-31,187100,191500,187100,189100,114873,192690.24519119482,192905.3966150857,44.15666170314415,-215.15142389087123,5580.971968599527,-2417687.0
2023-06-01,191500,194000,188000,189400,63346,192184.05362331867,192645.73760656084,44.68235612548222,-461.6839832421683,5610.902542270989,-2354341.0
2023-06-02,191000,191000,187200,189000,73903,191694.1992197312,192375.68296903782,44.086432811127544,-681.4837493066152,5481.5523606802035,-2428244.0
2023-06-05,189800,191800,188800,191500,59436,191664.32241669565,192310.81756392392,48.69220412002978,-646.4951472282701,5304.298620631616,-2368808.0
2023-06-07,192900,195700,191600,193600,97142,191962.11896797322,192406.3125591888,52.25031631414096,-444.19359121558955,5225.420147729358,-2271666.0
2023-06-08,194600,194600,190700,192500,105930,192044.86989597735,192413.25236961927,50.28325569934299,-368.3824736419192,5130.747280034404,-2377596.0
2023-06-09,194300,200500,190900,199700,169634,193222.58221967315,192953.01145335115,60.70974612203178,269.5707663219946,5449.979617174805,-2207962.0
2023-06-12,201000,205000,200500,204500,160927,194957.56957049266,193808.3439382881,65.85138927315907,1149.2256322045578,5439.266787376604,-2047035.0
2023-06-13,204500,205500,200500,203000,110728,196194.86655964766,194489.20735026675,63.073599235432816,1705.6592093809159,5407.890588278275,-2157763.0
2023-06-14,202000,207000,200000,205500,185170,197626.42555047112,195304.82162061735,65.67261341110844,2321.6039298537653,5521.612689115541,-1972593.0
2023-06-15,204500,207000,202000,203500,92616,198530.05238886017,195911.871870942,61.91801603642332,2618.1805179181683,5484.354639893002,-2065209.0
2023-06-16,201000,209000,201000,203500,218142,199294.6597136509,196473.9554360574,61.918016036423325,2820.704277593497,5664.04359418636,-2065209.0
2023-06-19,203000,205000,198200,200500,88980,199480.09668078154,196772.18095931242,56.31685460744781,2707.915721469122,5745.183337458762,-2154189.0
2023-06-20,198500,205500,198500,204500,95165,200252.38949912286,197344.61199936335,61.33867536105524,2907.7774997595116,5834.8130990688505,-2059024.0
2023-06-21,206500,206500,203000,205000,78616,200982.7911146424,197911.6777771883,61.927857160723185,3071.113337454095,5668.040734849647,-1980408.0
2023-06-22,205500,205500,202000,203500,64726,201370.05402008203,198325.62757147066,59.02188399961654,3044.426448611368,5513.1806823603865,-2045134.0
2023-06-23,202500,205000,201000,201500,55971,201390.04570930018,198560.76626988023,55.29605342505779,2829.2794394199445,5405.096347906074,-2101105.0
2023-06-26,201500,207000,201000,204000,57927,201791.5771386386,198963.6724721113,58.7973572863898,2827.904666527291,5447.5894659127825,-2043178.0
2023-06-27,204000,204500,201000,202500,52644,201900.56527115573,199225.62265936233,55.96507236202208,2674.9426117934054,5308.475932633298,-2095822.0
2023-06-28,202500,203000,197500,199000,78693,201454.3244602087,199208.90986977992,49.92231297900437,2245.414590428787,5322.156223159491,-2174515.0
2023-06-29,198700,199400,194400,195000,82339,200461.35146633044,198897.13876831473,44.066306923794755,1564.2126980157045,5299.145064362384,-2256854.0
2023-06-30,197800,197900,193200,194800,53244,199590.37431766422,198593.64700769883,43.78971871510584,996.727309965383,5256.3489883365,-2310098.0
2023-07-03,195000,196800,193400,194500,69904,198807.23980725434,198290.41389601745,43.350183286393225,516.8259112368978,5123.752632026751,-2380002.0
2023-07-04,193800,193800,182300,183000,196148,196375.35675998445,197157.79064446062,30.649927824226154,-782.433884476166,5629.198872596268,-2576150.0
2023-07-05,183100,184200,178100,178300,138399,193594.53264306375,195760.91726338948,27.14916494129202,-2166.384620325727,5662.827524553678,-2714549.0
2023-07-06,178500,180100,176400,178500,116734,191272.29685182316,194482.3307994347,27.528495071870775,-3210.033947611548,5522.625558514129,-2597815.0
2023-07-07,177700,181200,173900,174500,102069,188691.94349000423,193002.15814762472,24.75251227825511,-4310.214657620498,5649.58087576312,-2699884.0
2023-07-10,176000,176100,173700,175200,69282,186616.25987615742,191683.4797663192,26.15588465525907,-5067.219890161767,5417.467956065754,-2630602.0
2023-07-11,176300,183000,175400,182500,104529,185982.98912597937,191003.2220058511,38.94429767409564,-5020.232879871735,5587.648816346772,-2526073.0
2023-07-12,183100,185700,181600,185300,86051,185877.9138758287,190580.7611165288,43.020355633723675,-4702.847240700095,5481.388186607716,-2440022.0
2023-07-13,185500,194800,185400,192200,174884,186850.5425103166,190700.70473752666,51.59607300399145,-3850.162227210065,5768.4318875643075,-2265138.0
2023-07-14,193500,194800,190500,194600,75887,188042.76673949865,190989.5414236358,54.179281467108375,-2946.774684137141,5663.543895595429,-2189251.0
2023-07-17,192000,193700,190100,191200,63099,188528.49493342193,191005.13094781092,50.10012793956547,-2476.6360143889906,5580.433617338612,-2252350.0
2023-07-18,193600,193600,184000,184900,84089,187970.2649436647,190552.89902575084,43.55627072657032,-2582.6340820861515,5867.545501814426,-2336439.0
2023-07-19,186000,186400,181500,183300,58112,187251.76264463936,190015.6472460656,42.0539392082012,-2763.8846014262526,5798.435108827681,-2394551.0
2023-07-20,182300,185700,181000,181000,73951,186289.95300700254,189347.82152413484,39.922255823221896,-3057.8685171323013,5719.975458197133,-2468502.0
2023-07-21,180100,181400,178100,180300,79826,185368.421775156,188677.61252234707,39.269831796949966,-3309.1907471910818,5547.1200683259085,-2548328.0
2023-07-24,180300,180300,176000,177500,88520,184157.89534820893,187849.64122439543,36.6871354369072,-3691.745876186498,5458.040063445486,-2636848.0
2023-07-25,176400,177400,170800,171500,120465,182210.52683309984,186638.55668925503,31.852770568194515,-4428.02985615519,5546.751487485095,-2757313.0
2023-07-26,171100,171100,163200,166500,205512,179793.52270493063,185146.81174931023,28.484287143150567,-5353.289044379606,5743.412095521874,-2962825.0
2023-07-27,166000,171900,166000,170700,110320,178394.5192118644,184076.6775456576,34.728461483562,-5682.158333793224,5754.59694584174,-2852505.0
2023-07-28,168200,170000,166500,168800,68748,176918.43933311602,182945.07180153482,33.311504111645576,-6026.6324684188,5643.554306853045,-2921253.0
2023-07-31,170200,173600,169300,171800,92931,176130.98712802122,182119.51092734706,37.63806817214167,-5988.523799325834,5583.300427792114,-2828322.0
2023-08-01,171000,178400,170700,178100,108226,176433.91218524872,181821.7693771732,45.61723393612676,-5387.857191924471,5734.493254378392,-2720096.0
2023-08-02,176600,176700,172100,172900,97960,175890.23338751815,181160.89757145668,40.958870419207464,-5270.664183938527,5753.458021922792,-2818056.0
2023-08-03,173500,173500,169500,170600,103388,175076.35132789996,180378.6088624599,39.058955182224096,-5302.2575345599325,5628.211020356878,-2921444.0
2023-08-04,170700,173300,168400,169400,78997,174203.06650822304,179565.37857635174,38.06681978579918,-5362.312068128696,5576.195947474244,-3000441.0
2023-08-07,168800,178300,168500,174500,106658,174248.74858388104,179190.16534847382,44.51715996716,-4941.416764592781,5877.896236940371,-2893783.0
2023-08-08,174600,176300,171600,171600,75242,173841.2488017455,178627.93087821652,41.84816264435033,-4786.682076471014,5793.760791444631,-2969025.0
2023-08-09,171600,175500,171000,174400,69562,173927.21052455387,178314.75081316344,45.26060554822052,-4387.540288609569,5701.349306341443,-2899463.0
2023-08-10,172500,172700,159700,161100,493203,171953.79352077635,177039.58408626245,34.81105833688261,-5085.790565486095,6344.110070174196,-3392666.0
2023-08-11,162000,165100,162000,163100,160992,170591.6714406569,176007.02230209488,37.16054278937027,-5415.350861437968,6176.673636590325,-3231674.0
2023-08-14,163100,163800,160600,161500,122595,169192.95275747892,174932.42805749524,36.04142632490264,-5739.475300016318,5964.054091119588,-3354269.0
2023-08-16,160400,160900,157900,158000,124595,167470.9600255591,173678.17412731043,33.65383217594816,-6207.214101751335,5795.193084611045,-3478864.0
2023-08-17,158100,160500,157600,159700,105570,166275.42771393462,172642.75382158373,35.87584099845012,-6367.3261076491035,5588.393578567398,-3373294.0
2023-08-18,158300,159100,155300,158000,113061,165002.28498871392,171558.1053903553,34.62693799871705,-6555.820401641395,5503.508322955442,-3486355.0
2023-08-21,158800,162300,157800,158300,108766,163971.16422121946,170576.02350958827,35.05659185196053,-6604.859288368811,5431.829157030053,-3377589.0
2023-08-22,158600,161400,157100,157500,76681,162975.600494878,169607.42917554468,34.40717681754175,-6631.828680666687,5350.984217242191,-3454270.0
2023-08-23,156500,158400,156000,156700,65365,162010.123495666,168651.32331068953,33.734188391138424,-6641.199815023545,5140.19963029632,-3519635.0
2023-08-24,157600,158400,155500,155700,107691,161039.33526556354,167691.96602841624,32.86874944839776,-6652.630762852699,4980.18537098944,-3627326.0
2023-08-25,154500,156100,153600,155100,83001,160125.59137855377,166759.2278040891,32.332773791551105,-6633.63642553534,4803.029273061623,-3710327.0
2023-08-28,156100,157800,154200,155400,75467,159398.57732031474,165917.80352230475,32.92175073120263,-6519.226201990008,4717.098610700079,-3634860.0
2023-08-29,155400,157300,155400,156100,58101,158891.10388642017,165190.55881694882,34.357460836856276,-6299.454930528649,4515.877281364359,-3576759.0
2023-08-30,157200,158700,156700,156800,47682,158569.3955962017,164569.03594161925,35.836427078492065,-5999.640345417545,4379.028904124048,-3529077.0
2023-08-31,157400,157800,153900,155000,189157,158020.25781217066,163860.2184644623,33.73181641922742,-5839.960652291629,4344.812553829473,-3718234.0
2023-09-01,154300,157500,154300,155500,69304,157632.5258410675,163240.94302265026,34.87593424145827,-5608.417181582772,4263.0402285559385,-3648930.0
2023-09-04,154900,156800,154800,156700,52646,157489.06032705712,162756.42872467617,37.65784638397063,-5267.368397619051,4101.3944979448,-3596284.0
2023-09-05,156500,158000,154800,155300,66535,157152.28181520218,162204.10067099644,35.73968938548308,-5051.818855794263,4037.0091766630285,-3662819.0
2023-09-06,155300,156300,153700,154100,106820,156682.69999747878,161603.7969175893,34.1347335643757,-4921.096920110518,3934.3656640442405,-3769639.0
2023-09-07,153800,154400,152300,152800,103087,156085.3615363282,160951.66381258267,32.43540103795862,-4866.302276254486,3803.3395451839374,-3872726.0
2023-09-08,153000,153800,152200,153600,59913,155702.99822304692,160407.09612276175,34.593320696594034,-4704.097899714834,3645.9581490993705,-3812813.0
2023-09-11,153600,154400,152900,153000,80772,155287.15234257816,159858.42233589053,33.723373237292684,-4571.269993312366,3492.675424163701,-3893585.0
2023-09-12,153600,155100,152700,152900,138609,154919.89813602768,159342.9836443431,33.57183949727762,-4423.0855083154165,3414.627179580579,-4032194.0
2023-09-13,152600,152800,149200,152000,117896,154470.68303817726,158799.05892994732,32.170747421474,-4328.375891770062,3435.0109524676805,-4150090.0
2023-09-14,153200,155500,151800,155300,149744,154598.27026307306,158539.86937958086,41.767287334117206,-3941.599116507801,3453.938741577132,-4000346.0
2023-09-15,155300,157400,154600,157000,139998,154967.7671456772,158425.8049810934,46.00535600370666,-3458.0378354161803,3407.2288314644798,-3860348.0
2023-09-18,156300,157500,153700,153700,96458,154772.72604634226,158075.74535286427,39.93026409850779,-3303.0193065220083,3435.2839149313027,-3956806.0
2023-09-19,153600,154600,152100,152300,52409,154392.30665459728,157647.91236376323,37.65828775292488,-3255.605709165946,3368.4779210076385,-4009215.0
2023-09-20,152400,152900,150900,152000,45042,154024.25947696692,157229.54848496596,37.170226053778855,-3205.289007999032,3270.7294980785214,-4054257.0
2023-09-21,152000,152300,148600,148600,105009,153189.758018972,156590.3226712648,32.09360237392828,-3400.5646522927855,3301.3916767871983,-4159266.0
2023-09-22,146900,150500,146000,148600,76113,152483.64140066862,155998.44691783778,32.09360237392828,-3514.805517169152,3387.006557016684,-4159266.0
2023-09-25,149300,151600,148500,148900,64275,151932.3119544119,155472.636035035,33.02959919008382,-3540.324080623075,3366.5060886583497,-4094991.0
2023-09-26,147500,149800,147500,148700,55956,151435.0331921947,154970.95929169905,32.705943102108364,-3535.926099504344,3290.3270823256107,-4150947.0
2023-09-27,147500,151600,147200,150600,69838,151306.56654724167,154647.18452935098,38.83754146894049,-3340.61798210931,3369.589433588067,-4081109.0
2023-10-04,149300,152000,145900,146500,119792,150567.09477074296,154043.68937902868,32.05093545567853,-3476.5946082857263,3564.618759760348,-4200901.0
2023-10-05,147000,149500,146300,148000,78211,150172.1571137056,153596.0086842858,36.42777292109925,-3423.851570580213,3538.574562634609,-4122690.0
2023-10-06,148500,151800,147500,149400,59272,150053.36371159702,153285.19322619055,40.29340654731649,-3231.8295145935263,3592.962093874994,-4063418.0
2023-10-10,154000,154500,150200,151200,109221,150229.76929442823,153130.73446869495,44.92998499400063,-2900.9651742667193,3700.6076585982087,-3954197.0
2023-10-11,152000,155200,151300,153200,77119,150686.7278645162,153135.8652487916,49.612116517537586,-2449.137384275411,3721.9928258411937,-3877078.0
2023-10-12,154700,154800,152400,154000,66983,151196.46203920603,153199.8752303626,51.39235296207654,-2003.4131911565783,3627.5647668525366,-3810095.0
2023-10-13,151500,156100,151400,154900,67930,151766.2371100974,153325.8103984839,53.38757165811948,-1559.573288386513,3704.1672835059267,-3742165.0
2023-10-16,154400,155400,152500,154100,65920,152125.2775546978,153383.157776374,51.36911176528481,-1257.8802216761978,3646.726763255503,-3808085.0
2023-10-17,154200,155900,154000,154700,67619,152521.38870012888,153480.70164479074,52.81014676929068,-959.312944661855,3521.96056588011,-3740466.0
2023-10-18,154700,156600,154200,154200,55717,152779.63659241676,153533.98300443587,51.44215059712358,-754.3464120191056,3441.8205254601025,-3796183.0
2023-10-19,152700,153400,150900,153000,71879,152813.53865512187,153494.428707811,48.21411975838815,-680.890052689123,3431.6904879272383,-3868062.0
2023-10-20,153100,160800,152400,159400,289731,153826.84040048774,153931.87843315833,61.93374207164307,-105.03803267059266,3786.5697387895784,-3578331.0
2023-10-23,159500,160000,153300,155500,140474,154084.24956964346,154048.0355862577,52.76074906536631,36.21398338576546,3994.6719003046087,-3718805.0
2023-10-24,158400,164900,155700,163600,193876,155548.2111743137,154755.58850579415,64.5157865736211,792.6226685195579,4380.766764568565,-3524929.0
2023-10-25,162300,167300,162300,164800,139683,156971.56330134236,155499.61898684644,65.87075329844849,1471.9443144959223,4424.997709956525,-3385246.0
2023-10-26,162500,165200,159700,163100,121472,157914.39971652045,156062.61017300596,62.244589537546574,1851.7895435144892,4501.783587816773,-3506718.0
2023-10-27,166300,168200,162300,165200,128056,159035.26129859424,156739.4538638944,64.82087992103646,2295.8074346998474,4601.656188687004,-3378662.0
2023-10-30,165200,166600,161300,162000,85180,159491.37494496437,157129.12394805037,58.29333477889557,2362.2509969139937,4651.537889495075,-3463842.0
2023-10-31,163600,168800,162400,163800,121430,160154.24033804677,157623.26291486147,60.69123741262433,2530.977423185308,4804.999468816855,-3342412.0
2023-11-01,164500,167800,163900,166000,81027,161053.58797834726,158243.76195820505,63.456705408291974,2809.826020142209,4747.499506758509,-3261385.0
2023-11-02,168400,169700,165800,168900,98961,162260.72828937075,159033.11292426396,66.77492577305537,3227.615365106787,4686.96382770433,-3162424.0
2023-11-03,169100,172800,165000,169900,125403,163436.0008602368,159838.06752246665,67.8587213174954,3597.9333377701405,4909.323554296878,-3037021.0
2023-11-06,171800,173400,167900,173400,153666,164968.92380481574,160842.65511339504,71.37785890971708,4126.268691420701,4951.514728989958,-2883355.0
2023-11-07,171000,172900,169700,172500,90525,166127.55091176715,161706.16214203244,69.27735476909501,4421.388769734709,4862.120819776389,-2973880.0
2023-11-08,181200,193900,180300,190800,945555,169923.31230995682,163861.26124262263,81.31676757518393,6062.051067334192,6043.397904078076,-2028325.0
2023-11-09,189000,194300,186300,190800,585646,173135.1104161173,165856.72337279873,81.31676757518393,7278.387043318566,6183.155196643927,-2028325.0
2023-11-10,188400,193300,187000,192900,117386,176175.86265979154,167859.92904888772,82.24286599615125,8315.933610903827,6191.501254026504,-1910939.0
2023-11-13,194000,195000,189800,193900,123965,178902.6530198236,169788.82319341454,82.68305757383754,9113.829826409055,6120.679735881754,-1786974.0
2023-11-14,193400,196000,190300,193000,162902,181071.47563215843,171508.16962353198,80.7430597077297,9563.306008626445,6090.631183318771,-1949876.0
2023-11-15,197900,204500,192600,204000,225505,184598.94091951865,173914.97187364072,85.28690568781276,10683.969045877922,6505.586098796001,-1724371.0
2023-11-16,204000,206500,200500,203500,142474,187506.79616266963,176106.45543855624,84.31305329055841,11400.340724113397,6469.472806024858,-1866845.0
2023-11-17,203500,205000,191800,193100,165836,188367.28906072048,177365.2365171817,67.1402324665518,11002.052543538768,6950.224748451654,-2032681.0
2023-11-20,193900,203500,190900,203000,166287,190618.47535907116,179264.10788627935,72.81623918206401,11354.367472791811,7353.78012356225,-1866394.0
2023-11-21,203500,210500,202000,209000,163038,193446.40222690636,181466.7665613698,75.57043541287022,11979.635665536567,7435.652971879233,-1703356.0
2023-11-22,207000,210500,205000,208000,80514,195685.41726892075,183432.1912605276,74.22071472541681,12253.226008393161,7297.39204531643,-1783870.0
2023-11-23,208000,211500,205000,210000,65636,197887.66076600985,185400.17709308112,75.17567246262358,12487.483672928734,7240.435470650971,-1718234.0
2023-11-24,210000,211000,204000,205500,76468,199058.78987893142,186889.052863964,68.98372683394007,12169.737014967424,7223.261508461615,-1794702.0
2023-11-27,208500,217500,208000,217000,148104,201818.9760514035,189119.49339255926,74.71534074172145,12699.482658844237,7564.457115000072,-1646598.0
2023-11-28,217500,218500,213000,216000,87428,204000.6720434953,191110.64203014746,73.44437830015266,12890.03001334783,7416.995892500067,-1734026.0
2023-11-29,216500,220500,214500,216000,98653,205846.72249834216,192954.29817606247,73.44437830015268,12892.424322279694,7315.781900178634,-1734026.0
2023-11-30,217500,218000,209500,213000,159654,206947.22672936646,194439.16497783564,69.34044600251042,12508.061751530826,7400.368907308732,-1893680.0
2023-12-01,214000,219500,211500,217500,80376,208570.73030946392,196147.37497947743,71.87879588190539,12423.355329986487,7443.199699643822,-1813304.0
2023-12-04,217000,221500,216000,218000,83716,210021.387184931,197766.0879439606,72.1546506505052,12255.299240970402,7304.399721097835,-1729588.0
2023-12-05,218000,219000,211000,213000,91489,210479.63531032624,198894.5258740376,65.26048716452178,11585.10943628865,7354.085455305133,-1821077.0
2023-12-06,213000,217500,210500,212000,80792,210713.53757027606,199865.30173521998,63.94454907462735,10848.235835056083,7328.793637069052,-1901869.0
2023-12-07,210000,214500,209000,212500,62224,210988.37794407975,200801.20531038888,64.33182519626541,10187.172633690876,7198.165520135549,-1839645.0
2023-12-08,214500,215000,204000,207000,141013,210374.78133729825,201260.37528739712,57.07015961343092,9114.406049901125,7469.725125840153,-1980658.0
2023-12-11,209000,213000,206000,213000,76497,210778.66113156007,202129.9771179603,62.096612755647406,8648.684013599763,7436.173331137285,-1904161.0
2023-12-12,213000,215000,206500,208000,96153,210351.17480362774,202564.79362774105,56.1921369150321,7786.381175886694,7512.160950341765,-2000314.0
2023-12-13,209500,214500,208500,211500,77766,210527.91714153116,203226.66076642688,59.122242217379615,7301.256375104276,7439.863739603068,-1922548.0
2023-12-14,216000,218000,209500,210000,263340,210446.69911975713,203728.3895985434,57.35178278554647,6718.309521213727,7515.587758202849,-2185888.0
2023-12-15,210000,212000,205500,208500,138748,210147.2069474868,204081.8422208735,55.56001341302566,6065.364726613276,7443.045775474074,-2324636.0
2023-12-18,208000,212000,207000,208500,50061,209893.79049402726,204409.11316747547,55.56001341302565,5484.677326551784,7268.542505797353,-2324636.0
2023-12-19,208500,212500,207500,209000,61267,209756.2842641769,204749.1788587736,56.09033996656476,5007.105405403301,7106.503755383256,-2263369.0
2023-12-20,212000,213500,209000,209000,102865,209639.93283891893,205064.05449886445,56.09033996656476,4575.878340054478,6920.324915713023,-2263369.0
2023-12-21,208500,210000,205000,207000,80852,209233.78932523908,205207.45786931895,53.14804566138841,4026.3314559201244,6783.158850304951,-2344221.0
2023-12-22,208500,208500,177000,178500,616485,204505.51404443308,203229.1276567768,29.44484905111846,1276.3863876562682,8548.647503854598,-2960706.0
2023-12-26,183100,185800,180700,181200,330425,200920.05034528952,201597.3404229415,32.51547829094548,-677.2900776519673,8459.458396436412,-2630281.0
2023-12-27,182500,190500,182100,189400,178234,199147.73490755266,200693.83372494584,40.92442134976399,-1546.0988173931837,8519.49708240524,-2452047.0
2023-12-28,188500,194800,187200,193600,123609,198294.23722946763,200168.36456013503,44.7236605204051,-1874.1273306673975,8453.818719376295,-2328438.0
2024-01-02,193500,197900,191400,195800,112608,197910.50842493417,199844.78200012504,46.658788098735705,-1934.2735751908622,8314.260239420846,-2215830.0
2024-01-03,196300,199200,194100,194800,132017,197431.968667252,199471.09444456024,45.872672574837665,-2039.125777308247,8084.670222319357,-2347847.0
2024-01-04,193600,202500,192300,200500,137394,197903.97348767475,199547.3096708891,50.94593639564328,-1643.3361832143564,8235.765206439402,-2210453.0
2024-01-05,201500,211000,199100,201500,138826,198457.20833572478,199691.9533989714,51.79949294250948,-1234.7450632466353,8497.496263122302,-2071627.0
2024-01-08,199800,202000,196800,201000,67791,198848.4070533056,199788.84573978832,51.31866758011053,-940.4386864827247,8261.960815756423,-2139418.0
2024-01-09,203500,208500,202000,206500,88719,200025.5751989509,200285.96827758176,56.14140825956568,-260.3930786308774,8207.535043202393,-2050699.0
2024-01-10,207000,208000,199400,203000,87864,200483.1790144969,200487.00766442757,52.5721557156997,-3.8286499306559563,8235.568254402222,-2138563.0
2024-01-11,205500,205500,201000,201000,69914,200562.68993534354,200525.0070966922,50.5927759813335,37.68283865135163,7968.741950516349,-2208477.0
2024-01-12,200500,202500,199100,201500,42400,200706.89148375223,200597.22879323352,51.08857802769112,109.66269051871495,7642.403239765182,-2166077.0
2024-01-15,203500,206000,200500,204000,60213,201213.52356317497,200849.28591966064,53.596002958500534,364.2376435143233,7489.374436924812,-2105864.0
2024-01-16,201500,204000,195000,195000,78967,200257.59686114805,200416.00548116726,44.70994792108437,-158.4086200192105,7597.276262858753,-2184831.0
2024-01-17,196400,197000,186000,186000,86708,198064.12042097142,199348.15322330303,37.93638427933735,-1284.0328023316106,7840.327958368843,-2271539.0
2024-01-18,187300,188700,184400,184500,56737,195977.33266389888,198248.29002157686,36.93211390587027,-2270.9573576779803,7587.447389913926,-2328276.0
2024-01-19,186000,194500,186000,193500,87504,195596.2045617606,197896.5648347934,46.14429314261034,-2300.3602730327984,7759.772576348645,-2240772.0
2024-01-22,195100,201500,193600,196000,57398,195658.32693687433,197756.07855073462,48.399021487439306,-2097.7516138602805,7776.931678038028,-2183374.0
2024-01-23,197400,205500,194200,204000,89271,196941.66125427827,198218.5912506802,54.90516918013834,-1276.9299964019447,8028.579415321025,-2094103.0
2024-01-24,206000,212500,203500,207500,157157,198566.02106131238,198906.10300988908,57.43384493222889,-340.0819485766988,8097.966599940953,-1936946.0
2024-01-25,209500,209500,202500,207000,86069,199863.55628264893,199505.6509350825,56.942608707514715,357.90534756644047,8019.540414230884,-2023015.0
2024-01-26,204500,215500,204000,210500,115167,201499.93223916448,200320.04716211342,59.55066298148459,1179.8850770510617,8268.14467035725,-1907848.0
2024-01-29,220000,229000,212000,212500,249597,203192.2503562161,201222.26589084574,61.00422350063978,1969.9844653703622,8998.991479617445,-1658251.0
2024-01-30,215000,226500,214000,218500,239273,205547.28876295208,202502.0980470794,65.06064044988247,3045.1907158726826,9356.206373930485,-1418978.0
2024-01-31,218500,220000,212000,214500,102684,206924.62895326715,203390.8315250735,60.53941018716835,3533.7974281936476,9259.334490078307,-1521662.0
2024-02-01,212000,217500,208500,214000,99007,208013.14757584146,204176.69585654954,59.97832689696967,3836.4517192919157,9240.810597929856,-1620669.0
2024-02-02,215000,225000,214500,223000,144478,210318.81717955816,205571.01468199032,66.07349229358283,4747.802497567842,9366.46698379201,-1476191.0
2024-02-05,221000,222000,214000,220000,93404,211808.2299211646,206639.8284092503,62.6484643934624,5168.4015119143005,9340.290770664009,-1569595.0
2024-02-06,218000,222000,210000,211500,93543,211760.80993329312,206999.8411196762,54.09271617705401,4760.968813616928,9530.270001330866,-1663138.0
2024-02-07,212000,217000,210500,212000,67863,211797.6084050942,207370.22325895945,54.486469158821514,4427.385146134737,9313.822144092946,-1595275.0
2024-02-08,213000,216000,211500,214000,125582,212136.43788123352,207861.31783236985,56.108169564056254,4275.120048863668,8969.977705229165,-1469693.0
2024-02-13,219500,230000,219000,230000,285922,214884.67820719758,209501.22021515726,66.4172698951487,5383.457992040319,9472.122154855653,-1183771.0
2024-02-14,227500,243000,226500,239500,271909,218671.65079070564,211723.35205107153,70.80231266076429,6948.298739634105,9974.11342950882,-911862.0
2024-02-15,242000,242000,235000,238000,83153,221645.24297675092,213669.77041765884,69.26443957701714,7975.472559092072,9761.676755972476,-995015.0
2024-02-16,243000,243500,236000,237500,64520,224084.43636494307,215434.97260894335,68.72855201742854,8649.46375599972,9600.128416260155,-1059535.0
2024-02-19,237500,239500,232500,235000,55699,225763.75384725953,216884.2338971698,65.97983966524873,8879.519950089743,9414.404957955858,-1115234.0
2024-02-20,235000,238000,229000,232000,69317,226723.1763322965,218003.9202751572,62.73731025091822,8719.256057139311,9384.804603816156,-1184551.0
2024-02-21,234500,235500,224000,226000,111295,226611.91843502014,218596.2224769974,56.73225016943331,8015.695958022727,9535.889989257861,-1295846.0
2024-02-22,228000,228000,222000,225000,86029,226363.93098347858,219070.5763675902,55.774048192902306,7293.354615888384,9283.326418596585,-1381875.0
2024-02-23,226000,229000,222500,224500,88710,226077.1723706357,219472.75589591687,55.271379262058396,6604.416474718833,9084.51738869683,-1470585.0
2024-02-26,226000,226000,217500,217500,90380,224757.60739053792,219326.62582955265,48.65942866702816,5430.981560985267,9042.766146647056,-1560965.0
2024-02-27,219500,225500,217000,224000,98827,224641.05240737824,219672.80169403023,54.14493376118157,4968.25071334801,9003.997136172266,-1462138.0
2024-02-28,225000,229500,223000,225000,83055,224696.27511393544,220067.4089759539,54.94254977312007,4628.866137981531,8825.140197874247,-1379083.0
2024-02-29,223000,227000,220000,227000,97956,225050.69432717614,220580.93423699433,56.56965087144525,4469.760090181808,8694.77304088323,-1281127.0
2024-03-04,226500,230000,216000,217500,127079,223889.04904607212,220352.7168861059,47.74917370301033,3536.3321599662304,9073.717823677285,-1408206.0
2024-03-05,215500,221000,215500,218000,68627,222983.04150052255,220178.44156120915,48.206905961259864,2804.599939313397,8818.452264843192,-1339579.0
2024-03-06,215000,218000,210500,213000,70286,221447.18896198063,219646.70514926774,44.051060331761704,1800.4838127128896,8724.277103068678,-1409865.0
2024-03-07,214500,221000,213500,216000,74937,220609.1598909067,219376.57884191457,47.003192462646815,1232.5810489921423,8672.543024278059,-1334928.0
2024-03-08,219500,226000,218500,222000,97789,220823.13529230567,219570.9063351061,52.41149158021317,1252.2289571995789,8767.361379686768,-1237139.0
2024-03-11,225000,234500,224000,232500,120866,222619.57601656634,220528.61697695008,60.0876069587872,2090.959039616253,9033.978423994857,-1116273.0
2024-03-12,234500,239000,229500,234000,97830,224370.41047555613,221526.4972008797,61.05407623805966,2843.9132746764226,9067.265679423796,-1018443.0
2024-03-13,234500,239500,231500,239000,80343,226621.1165562398,222820.83074155528,64.16870453538903,3800.2858146845247,8991.03241660781,-938100.0
2024-03-14,239000,241500,213500,235000,503053,227910.17554758754,223722.991427366,60.03247051629231,4187.184120221529,10348.815815421538,-1441153.0
2024-03-15,234000,234500,222000,230500,176385,228308.6100787279,224224.99206237594,55.68387989899431,4083.618016351975,10538.186114319999,-1617538.0
2024-03-18,233000,240000,230500,238000,95801,229799.593143539,225245.36302071848,60.78273888214114,4554.230122820532,10464.029963297142,-1521737.0
2024-03-19,234500,243000,234000,237000,114517,230907.34804453302,226116.07687103562,59.79487154177667,4791.2711734974,10359.456394490204,-1636254.0
2024-03-20,241000,243000,234000,237500,72127,231921.60219152793,226959.33043614408,60.143666655441564,4962.271755383845,10262.352366312332,-1564127.0
2024-03-21,239000,241000,234500,240500,81387,233241.35570052362,227962.34299642968,62.25927425860381,5279.012704093941,9993.612911575738,-1482740.0
2024-03-22,237500,240000,232500,236000,64214,233665.7625158277,228557.72499669416,57.34239496434155,5108.037519133533,9851.211989320327,-1546954.0
2024-03-25,236000,242500,232500,240000,125503,234640.26059031574,229405.30092286496,60.340615815831754,5234.9596674507775,9861.839704368875,-1421451.0
2024-03-26,242500,247000,238500,246500,129365,236464.83588411333,230671.5749285787,64.68443161377184,5793.260955534643,9764.565439771097,-1292086.0
2024-03-27,250000,265000,248000,257000,371514,239624.09190194204,232621.82863757288,70.33651141456265,7002.263264369161,10388.525051216018,-920572.0
2024-03-28,255500,255500,247000,250000,155553,241220.38545548942,233909.10059034525,63.08749935612703,7311.284865144175,10360.773261843446,-1076125.0
2024-03-29,250000,253000,243500,247000,104447,242109.55692387567,234878.79684291227,60.222876885424505,7230.760080963402,10299.289457426057,-1180572.0
2024-04-01,252000,253500,248000,250500,74153,243400.3943202025,236035.92300269657,62.36968583982827,7364.47131750593,10027.91163903848,-1106419.0
2024-04-02,246000,257500,244500,252000,122469,244723.4105786329,237218.44722471904,63.28426264127506,7504.9633539138595,10240.203664821447,-983950.0
2024-04-03,250000,256000,249000,253500,92064,246073.65510499707,238424.48817103615,64.22074229602408,7649.166933960922,10008.760545905629,-891886.0
2024-04-04,255500,260000,250000,253000,104001,247139.24662730523,239504.15571392234,63.638067139826354,7635.090913382883,10008.134792626657,-995887.0
2024-04-05,249500,253000,248500,249500,39956,247502.43945387367,240244.58862400218,59.56409151871758,7257.850829871488,9614.696593153323,-1035843.0
2024-04-08,248500,251500,243500,243500,66121,246886.6795378931,240485.73020740942,53.26845772844141,6400.94933048368,9499.3611222138,-1101964.0
2024-04-09,247000,249500,239000,242000,55846,246134.88268590957,240597.8983401939,51.794571793681904,5536.984345715668,9570.835327769957,-1157810.0
2024-04-11,237500,248000,237000,247500,109169,246344.90073423117,241109.16512980917,56.542603099831396,5235.735604421992,9672.91851864353,-1048641.0
2024-04-12,244500,247000,237000,238500,86884,245137.9929289648,240915.89363871218,48.179877881919644,4222.099290252634,9731.99576731185,-1135525.0
2024-04-15,235500,247500,231000,247000,86107,245424.4555552779,241366.56818399276,54.955848830781825,4057.887371285149,10215.42464107529,-1049418.0
2024-04-16,244000,255000,242500,254000,126646,246743.77008523513,242302.37794814142,59.63668777362767,4441.392137093702,10378.608595284197,-922772.0
2024-04-17,254500,257500,249000,253000,100673,247706.26699519897,243094.79439642723,58.698267849397276,4611.472598771739,10244.422267049611,-1023445.0
2024-04-18,255500,262000,252500,260000,126476,249597.61053439914,244347.03184854373,63.078036920474425,5250.578685855406,10191.24924797464,-896969.0
2024-04-19,256000,261500,250500,254000,124042,250274.90122141468,245062.06652642938,57.45408318846106,5212.8346949853,10249.017158833594,-1021011.0
2024-04-22,258000,262500,254000,259000,72912,251617.2241104278,246094.50604299014,60.606150134954234,5522.718067437672,10124.08736177405,-948099.0
2024-04-23,243500,247000,232000,238000,1619683,249522.2665549774,245494.91300276865,45.39454122097352,4027.3535522087477,11329.509693075905,-2567782.0
2024-04-24,240000,245500,239500,240000,263898,248057.30246959627,245087.88240997097,46.76495422207182,2969.420059625292,11055.973286427627,-2303884.0
2024-04-25,237500,238000,225000,225500,320859,244586.94824350454,243636.92815738055,39.102872766864365,950.0200861239864,11337.689480254225,-2624743.0
2024-04-26,227500,232500,227000,229500,176318,242265.87928296538,242589.74829387089,41.92943762659261,-323.86901090550236,11027.854517378923,-2448425.0
2024-04-29,231500,241000,231500,240000,148646,241917.2824702015,242397.9150869175,48.66521724355112,-480.6326167160005,11061.579194709,-2299779.0
2024-04-30,238500,245000,238500,239500,122430,241545.39285940127,242183.25471010877,48.377450762743365,-637.8618507075007,10735.752109372643,-2422209.0
2024-05-02,237000,245500,236500,243000,119352,241769.17857333954,242243.75436121182,50.580395138138435,-474.57578787227976,10611.769815846026,-2302857.0
2024-05-03,244500,253500,243500,251000,159261,243189.3049466719,242892.3651492702,55.278151175423595,296.93979740171926,10603.78625757131,-2143596.0
2024-05-07,254000,260500,254000,257500,192672,245390.95033949162,243974.41217525018,58.712306001303936,1416.5381642414432,10524.944382030502,-1950924.0
2024-05-08,260000,265500,258500,260000,212701,247638.4964411083,245161.4927548613,59.985029203489496,2477.003686246986,10344.591211885467,-1738223.0
2024-05-09,269000,271000,255000,263500,430254,250078.72775786085,246519.90069894565,61.76216004653068,3558.8270589151944,10748.548982465076,-1307969.0
2024-05-10,265000,267500,258000,259000,187175,251451.2311797284,247444.35249902378,58.18423388893126,4006.878680704627,10659.366912288999,-1495144.0
2024-05-13,258500,260000,249500,259500,179601,252689.503305924,248337.36342502202,58.47210032917139,4352.139880901988,10647.983561411213,-1315543.0
2024-05-14,260000,265000,255000,257000,112229,253352.65664347415,248979.04020835372,56.38209740092791,4373.616435120435,10601.699021310413,-1427772.0
2024-05-16,260500,262000,256500,258500,122777,254144.5556214012,249684.29648921642,57.36674898848343,4460.259132184787,10237.291948359669,-1304995.0
2024-05-17,257500,260000,256000,258000,74960,254737.7009104164,250300.27452705224,56.9056052852218,4437.42638336416,9791.771094905407,-1379955.0
2024-05-20,260000,260000,251000,252500,90498,254393.4392318908,250463.21715467802,51.95788772812269,3930.222077212791,9735.216016697877,-1470453.0
2024-05-21,250000,254000,247500,252500,75619,254102.140888523,250614.0899580352,51.95788772812269,3488.050930487778,9504.129158362313,-1470453.0
2024-05-22,251000,255000,249500,254500,78621,254163.34998259638,250901.9351463289,53.657183399407636,3261.414836267475,9218.119932765005,-1391832.0
2024-05-23,252000,258500,252000,256000,78182,254445.91152373538,251279.56957993418,54.944371038973856,3166.341943801206,9023.968508996077,-1313650.0
2024-05-24,255500,261500,255000,260000,94601,255300.38667392993,251925.52738882796,58.272748910370446,3374.859285101964,8843.685044067784,-1219049.0
2024-05-27,262000,264000,258000,260000,136567,256023.40410870995,252523.63647113703,58.272748910370446,3499.7676375729206,8640.56468377723,-1219049.0
2024-05-28,258000,259500,241000,246500,164875,254558.26501506224,252077.44117697873,45.20237604448043,2480.82383808351,9380.524349221714,-1383924.0
2024-05-29,244000,247000,240500,244000,127155,252933.9165512065,251479.11220090624,43.26697945063558,1454.8043503002555,9174.77260999159,-1511079.0
2024-05-30,242000,253000,241500,251000,88005,252636.39092794395,251443.6224082465,49.754101116623296,1192.768519697449,9340.860280706476,-1423074.0
2024-05-31,255000,257500,243500,250000,362249,252230.79232364488,251336.68741504307,48.893982801862414,894.1049086018174,9673.655974941727,-1785323.0
2024-06-03,251000,254000,245500,247500,52047,251502.9781200072,251052.48834726211,46.71951812267877,450.489772745088,9589.823405303032,-1837370.0
2024-06-04,245000,251000,242500,249500,58607,251194.8276400061,250937.48921042788,48.68564040796287,257.3384295782016,9511.978876352814,-1778763.0
2024-06-05,249000,254000,246000,246000,58446,250395.62338769744,250571.74926891472,45.51996056456069,-176.12588121727458,9403.980385184757,-1837209.0
2024-06-07,248000,257500,248000,256000,99217,251257.83517420554,250973.84191566176,54.602628750668785,283.9932585437782,9553.696071957274,-1737992.0
2024-06-10,251500,258500,248000,254500,62029,251756.6297627893,251235.03881079794,53.17069053956044,521.5909519913548,9621.28920967461,-1800021.0
2024-06-11,256000,259000,253000,255500,61684,252332.53287620633,251550.96186184994,54.03609879462467,781.571014356392,9362.625694697854,-1738337.0
2024-06-12,258000,267500,256000,265000,217577,254281.3739721746,252547.18690912033,61.34450683633041,1734.187063054269,9551.009573648007,-1520760.0
2024-06-13,266500,271000,264500,265500,256241,256007.3164379939,253506.65454548178,61.689771182132795,2500.6618925121147,9333.080318387436,-1264519.0
2024-06-14,263000,278000,259500,272000,249943,258467.72929368715,254876.5319865572,65.94784469905956,3591.1973071299435,9987.860295645476,-1014576.0
2024-06-17,271000,277500,269000,274500,152334,260934.23247927375,256330.1222097752,67.44651873595566,4604.110269498546,9881.584560242227,-862242.0
2024-06-18,277000,278000,273000,276500,160880,263328.96594400087,257824.18723127333,68.63576540105089,5504.778712727537,9532.899948796352,-701362.0
2024-06-19,279000,297000,278500,290000,346197,267432.2019526161,260207.58076969752,75.21711332743988,7224.621182918578,10316.26423816804,-355165.0
2024-06-20,287500,294500,284500,291500,108847,271134.9401137521,262525.5377497199,75.82413521236515,8609.402364032168,10293.673935441751,-246318.0
2024-06-21,293000,297000,290000,297000,477134,275114.1800962518,265079.201620111,77.95617599063216,10034.978476140765,10058.411511481627,230816.0
2024-06-24,299000,299000,273000,276000,217712,275250.4600814438,265888.14964825095,57.21039728008932,9362.310433192819,11197.096403518653,13104.0
2024-06-25,278500,283500,275500,282500,83044,276365.7739150678,267118.65708171384,60.69686133902561,9247.116833353939,10968.732374695892,96148.0
2024-06-26,280000,293000,279500,289500,118745,278386.4240819804,268776.53433492023,64.09021489289526,9609.889747060195,11149.537205074756,214893.0
2024-06-27,287000,291500,278000,281500,118854,278865.4357616757,269719.0132730743,57.93402240074093,9146.422488601413,11317.427404712273,96039.0
2024-06-28,280500,284000,271000,281500,156709,279270.75333680253,270591.67895655025,57.93402240074093,8679.074380252277,11437.611161518538,96039.0
2024-07-01,278000,279000,271000,273500,88473,278382.9451311406,270807.11014495394,52.12701131153086,7575.8349861866445,11370.638935695784,7566.0
2024-07-02,271000,276000,269000,271000,74218,277247.10741865746,270821.39828236477,50.425996228694316,6425.709136292688,11058.450440288943,-66652.0
2024-07-03,273500,277000,269000,272500,77366,276516.78320040245,270945.73915033776,51.44969743153303,5571.044050064695,10839.989694554019,10714.0
2024-07-04,272000,277000,269000,272000,78875,275821.8934772636,271023.83254660905,51.07111713720511,4798.060930654581,10637.13328780016,-68161.0
2024-07-05,272000,284000,269500,280000,124281,276464.67909614614,271688.73383945285,56.57669287921617,4775.945256693289,10913.052338671578,56120.0
2024-07-08,278000,286000,277000,278000,48069,276700.88231212366,272156.2350365304,54.913133303170355,4544.647275593248,10776.405743052179,8051.0
2024-07-09,283000,294000,282000,289500,130058,278669.9773410277,273440.9583671578,61.85790363633172,5229.018973869912,11149.519618548453,138109.0
2024-07-10,287500,290500,281500,283000,79090,279336.13467317726,274149.0355251461,56.555387320542636,5187.0991480311495,10995.98250293785,59019.0
2024-07-11,288000,291000,282000,284000,115139,280053.6524157654,274878.7365973575,57.16375970026132,5174.915818407899,10853.412324156574,174158.0
2024-07-12,286500,289000,276500,280000,104303,280045.39819795534,275258.0894419977,53.911680573765025,4787.308755957638,10971.025729573961,69855.0
2024-07-15,281000,284000,271000,275000,96960,279269.1830905776,275238.9717055534,50.07663808407667,4030.2113850241876,11115.952463175821,-27105.0
2024-07-16,279000,279000,272000,275000,53232,278612.38569202716,275221.27009773464,50.07663808407666,3391.115594292525,10821.955858663263,-27105.0
2024-07-17,274500,278000,273000,276500,76330,278287.40327786916,275315.9908312358,51.28240610692145,2971.4124466333888,10406.101868758746,49225.0
2024-07-18,279000,279000,268000,272000,85674,277320.1104658893,275070.36188077385,47.57044758916077,2249.7485851154197,10448.523163847407,-36449.0
2024-07-19,269000,282000,268000,280500,106595,277809.32424036786,275472.5572970128,54.29940352550292,2336.7669433550327,10702.20008071545,70146.0
2024-07-22,280500,287000,277000,281000,75649,278300.1974341574,275881.9974972341,54.667967167554934,2418.199936923338,10652.04293209292,145795.0
2024-07-23,286000,295500,284000,292000,205759,280407.85936736397,277075.92360855005,61.94015379375214,3331.9357588139246,10926.897008371996,351554.0
2024-07-24,289500,290500,284000,287000,65429,281422.03484930797,277811.0403782871,57.430295706743905,3610.99447102088,10717.832936345425,286125.0
2024-07-25,289000,293000,283000,286500,110756,282203.26025710674,278454.6670169325,56.98348427013317,3748.593240174232,10666.559155177894,175369.0
2024-07-26,286500,288500,282500,285000,49045,282633.52790985955,278939.5064971597,55.586289813687316,3694.0214126998326,10333.233501236615,126324.0
2024-07-29,285000,293500,283500,292000,57283,284074.523616035,279906.9504603331,60.45876411022318,4167.573155701917,10309.431108291143,183607.0
2024-07-30,289500,302000,289500,292500,99829,285370.7507520296,280839.76894475287,60.78965878034216,4530.981807276723,10465.900314841774,283436.0
2024-07-31,293000,298500,292500,294000,102272,286698.32755940966,281814.6008747712,61.821850439832026,4883.726684638474,10146.90743521022,385708.0
2024-08-01,291500,295500,289000,289500,56863,287129.3540887313,282383.8896988622,56.976127387965576,4745.46438986907,9886.414046980919,328845.0
2024-08-02,285500,295000,284500,287500,70077,287186.3765366188,282762.86083227984,54.91589221046289,4423.515704338963,9930.24161505371,258768.0
2024-08-05,285000,286500,260000,273000,173656,285003.8570694467,282039.68595581467,42.82531299921402,2964.1711136320373,11185.224356835588,85112.0
2024-08-06,282500,290000,279000,285500,115945,285080.18675107026,282296.0055146432,52.52839445472096,2784.1812364270445,11600.565474204474,201057.0
2024-08-07,281000,287000,276000,277500,157494,283914.00417398254,281940.74584689183,47.02762339151412,1973.2583270907053,11557.667940332725,43563.0
2024-08-08,276500,284500,276000,282000,125275,283619.5419933699,281945.1350434184,50.187533310837374,1674.406949951488,11339.263087451816,168838.0
2024-08-09,282500,295000,278000,294500,130482,285293.4586097745,282875.1250402022,57.73038721791598,2418.333569572249,11743.601438348116,299320.0
2024-08-12,289000,300000,289000,293000,287768,286479.08036211686,283625.115777965,56.622357209119876,2853.964584151865,11690.48704989468,11552.0
2024-08-13,317500,331000,305500,331000,1281466,293328.4526140989,287134.3664610787,71.53005772651719,6194.086153020209,13569.737974902204,1293018.0
2024-08-14,330000,332500,324500,331500,239178,299200.99836577603,290420.709686184,71.66803023878187,8780.28867959202,13171.899548123474,1532196.0
2024-08-16,334500,335000,322500,324500,161699,303093.15246334893,292945.1015612815,66.78805623101472,10148.05090206745,13123.906723257513,1370497.0
2024-08-19,325000,334000,319000,325000,145441,306463.43669975677,295319.538482668,66.961107254555,11143.898217088776,13257.913385881977,1515938.0
2024-08-20,328000,336000,324000,333500,194990,310622.9079767173,298147.7208172852,69.83830207157341,12475.187159432098,13168.06242974755,1710928.0
2024-08-21,332500,342000,331000,339500,141753,315065.5375187608,301210.8526085974,71.71104310817476,13854.6849101634,13013.200827622724,1852681.0
2024-08-22,346500,355000,337000,346000,222471,319824.6855927976,304528.56723018276,73.62183467739115,15296.118362614827,13369.400768506815,2075152.0
